 
2.5000000000e-01 5.0000000000e+00 
3.0000000000e-01 5.0000000000e+00 
3.0000000000e-01 5.0000000000e+00 
4.0000000000e-01 5.0000000000e+00 
4.0000000000e-01 5.0000000000e+00 
4.3500000000e-01 5.0000000000e+00 
4.3500000001e-01 5.0000000000e+00 
4.7000000001e-01 5.0000000000e+00 
4.7000000001e-01 5.0000000000e+00 
5.7000000001e-01 5.0000000000e+00 
5.7000000001e-01 5.0000000000e+00 
6.2000000001e-01 5.0000000000e+00 
6.2900000001e-01 5.0000000000e+00 
7.0500000001e-01 5.0000000000e+00 
7.0500000001e-01 5.0000000000e+00 
7.6780000001e-01 5.0000000000e+00 
7.6780000001e-01 5.0000000000e+00 
7.7340000001e-01 5.0000000000e+00 
7.7340000001e-01 5.0000000000e+00 
7.7900000001e-01 5.0000000000e+00 
7.7900000001e-01 5.0000000000e+00 
7.8460000001e-01 5.0000000000e+00 
7.8460000001e-01 5.0000000000e+00 
7.8460000001e-01 5.0000000000e+00 
8.2860000001e-01 5.0000000000e+00 
8.4860000001e-01 5.0000000000e+00 
8.7860000001e-01 5.0000000000e+00 
8.9029230790e-01 5.0000000000e+00 
9.0198461579e-01 5.0000000000e+00 
9.1367692368e-01 5.0000000000e+00 
9.2536923157e-01 5.0000000000e+00 
9.3706153946e-01 5.0000000000e+00 
9.4875384735e-01 5.0000000000e+00 
9.6044615524e-01 5.0000000000e+00 
9.7213846313e-01 5.0000000000e+00 
9.8383077102e-01 5.0000000000e+00 
9.9552307890e-01 5.0000000000e+00 
1.0072153868e+00 5.0000000000e+00 
1.0189076947e+00 5.0000000000e+00 
1.0306000026e+00 5.0000000000e+00 
1.0422923105e+00 5.0000000000e+00 
1.0539846184e+00 5.0000000000e+00 
1.0656769262e+00 5.0000000000e+00 
1.0773692341e+00 5.0000000000e+00 
1.0890615420e+00 5.0000000000e+00 
1.1007538499e+00 5.0000000000e+00 
1.1124461578e+00 5.0000000000e+00 
1.1186000002e+00 5.0000000000e+00 
1.1486000000e+00 5.0000000000e+00 
1.1500000000e+00 5.0000000000e+00 
1.2000000000e+00 5.0000000000e+00 
1.2000000000e+00 5.0000000000e+00 
1.3000000000e+00 5.0000000000e+00 
1.3000000000e+00 5.0000000000e+00 
1.3350000000e+00 5.0000000000e+00 
1.3350000000e+00 5.0000000000e+00 
1.3700000000e+00 5.0000000000e+00 
1.3700000000e+00 5.0000000000e+00 
1.4700000000e+00 5.0000000000e+00 
1.4700000000e+00 5.0000000000e+00 
1.5200000000e+00 5.0000000000e+00 
1.5290000000e+00 5.0000000000e+00 
1.6050000000e+00 5.0000000000e+00 
1.6050000000e+00 5.0000000000e+00 
1.7050000000e+00 5.0000000000e+00 
2.0550000000e+00 5.0000000000e+00 
2.0800000000e+00 5.0000000000e+00 
2.1050000000e+00 5.0000000000e+00 
2.1427000000e+00 5.0000000000e+00 
2.1427000000e+00 5.0000000000e+00 
2.1483000000e+00 5.0000000000e+00 
2.1483000000e+00 5.0000000000e+00 
2.1539000000e+00 5.0000000000e+00 
2.1539000000e+00 5.0000000000e+00 
2.1595000000e+00 5.0000000000e+00 
2.1595000000e+00 5.0000000000e+00 
2.1595000000e+00 5.0000000000e+00 
2.2050000000e+00 5.0000000000e+00 
2.2550000000e+00 5.0000000000e+00 
2.3050000000e+00 5.0000000000e+00 
2.3050000000e+00 5.0000000000e+00 
2.3550000000e+00 5.0000000000e+00 
2.3550000000e+00 5.0000000000e+00 
2.4250000000e+00 5.0000000000e+00 
2.4250000000e+00 5.0000000000e+00 
2.5250000000e+00 5.0000000000e+00 
2.5250000000e+00 5.0000000000e+00 
2.5600000000e+00 5.0000000000e+00 
2.5600000000e+00 5.0000000000e+00 
2.5950000000e+00 5.0000000000e+00 
2.5950000000e+00 5.0000000000e+00 
2.6450000000e+00 5.0000000000e+00 
2.6450000000e+00 5.0000000000e+00 
2.6950000000e+00 5.0000000000e+00 
2.7015000000e+00 5.0000000000e+00 
2.7015000000e+00 5.0000000000e+00 
2.7775000000e+00 5.0000000000e+00 
2.7775000000e+00 5.0000000000e+00 
2.8015000000e+00 5.0000000000e+00 
2.8265000000e+00 5.0000000000e+00 
2.8451000000e+00 5.0000000000e+00 
2.8451000000e+00 5.0000000000e+00 
2.8451000000e+00 5.0000000000e+00 
3.0951000000e+00 5.0000000000e+00 
3.3451000000e+00 5.0000000000e+00 
3.3451000000e+00 5.0000000000e+00 
3.3951000000e+00 5.0000000000e+00 
3.4300000000e+00 5.0000000000e+00 
3.4800000000e+00 5.0000000000e+00 
3.4800000000e+00 5.0000000000e+00 
3.5300000000e+00 5.0000000000e+00 
3.5300000000e+00 5.0000000000e+00 
3.6000000000e+00 5.0000000000e+00 
3.7000000000e+00 5.0000000000e+00 
3.7350000000e+00 5.0000000000e+00 
3.7350000000e+00 5.0000000000e+00 
3.7700000000e+00 5.0000000000e+00 
3.7700000000e+00 5.0000000000e+00 
3.8200000000e+00 5.0000000000e+00 
3.8200000000e+00 5.0000000000e+00 
3.8700000000e+00 5.0000000000e+00 
3.8700000000e+00 5.0000000000e+00 
3.8765000000e+00 5.0000000000e+00 
3.9525000000e+00 5.0000000000e+00 
3.9525000000e+00 5.0000000000e+00 
3.9529000000e+00 5.0000000000e+00 
3.9645923079e+00 5.0000000000e+00 
3.9762846158e+00 5.0000000000e+00 
3.9879769237e+00 5.0000000000e+00 
3.9996692316e+00 5.0000000000e+00 
4.0113615395e+00 5.0000000000e+00 
4.0230538474e+00 5.0000000000e+00 
4.0347461553e+00 5.0000000000e+00 
4.0464384632e+00 5.0000000000e+00 
4.0581307710e+00 5.0000000000e+00 
4.0698230789e+00 5.0000000000e+00 
4.0815153868e+00 5.0000000000e+00 
4.0932076947e+00 5.0000000000e+00 
4.1049000026e+00 5.0000000000e+00 
4.1165923105e+00 5.0000000000e+00 
4.1282846184e+00 5.0000000000e+00 
4.1399769263e+00 5.0000000000e+00 
4.1516692342e+00 5.0000000000e+00 
4.1633615421e+00 5.0000000000e+00 
4.1750538499e+00 5.0000000000e+00 
4.1867461578e+00 5.0000000000e+00 
4.1929000003e+00 5.0000000000e+00 
4.2129000000e+00 5.0000000000e+00 
4.5429000000e+00 5.0000000000e+00 
4.6047000000e+00 5.0000000000e+00 
4.6547000000e+00 5.0000000000e+00 
4.6547000000e+00 5.0000000000e+00 
4.7047000000e+00 5.0000000000e+00 
4.7047000000e+00 5.0000000000e+00 
4.7747000000e+00 5.0000000000e+00 
4.8747000000e+00 5.0000000000e+00 
4.9097000000e+00 5.0000000000e+00 
4.9097000001e+00 5.0000000000e+00 
4.9447000001e+00 5.0000000000e+00 
4.9447000001e+00 5.0000000000e+00 
4.9947000001e+00 5.0000000000e+00 
4.9947000001e+00 5.0000000000e+00 
5.0447000001e+00 5.0000000000e+00 
5.0512000001e+00 5.0000000000e+00 
5.0512000001e+00 5.0000000000e+00 
5.0512000001e+00 5.0000000000e+00 
5.0512000001e+00 5.0000000000e+00 
5.1272000001e+00 5.0000000000e+00 
5.1272000001e+00 5.0000000000e+00 
5.2000000001e+00 5.0000000000e+00 
5.2000000001e+00 5.0000000000e+00 
5.4500000001e+00 5.0000000000e+00 
5.7000000001e+00 5.0000000000e+00 
5.7000000001e+00 5.0000000000e+00 
5.7500000001e+00 5.0000000000e+00 
5.7750000001e+00 5.0000000000e+00 
5.7750000001e+00 5.0000000000e+00 
5.7797000001e+00 5.0000000000e+00 
5.8297000001e+00 5.0000000000e+00 
5.8297000001e+00 5.0000000000e+00 
5.8797000001e+00 5.0000000000e+00 
5.8797000001e+00 5.0000000000e+00 
5.9497000001e+00 5.0000000000e+00 
6.0497000001e+00 5.0000000000e+00 
6.0847000001e+00 5.0000000000e+00 
6.0847000001e+00 5.0000000000e+00 
6.1197000001e+00 5.0000000000e+00 
6.1197000001e+00 5.0000000000e+00 
6.1697000001e+00 5.0000000000e+00 
6.1697000001e+00 5.0000000000e+00 
6.2197000001e+00 5.0000000000e+00 
6.2262000001e+00 5.0000000000e+00 
6.3022000001e+00 5.0000000000e+00 
6.3022000001e+00 5.0000000000e+00 
6.3022000001e+00 5.0000000000e+00 
6.3022000001e+00 5.0000000000e+00 
6.3022000001e+00 5.0000000000e+00 
6.4022000001e+00 5.0000000000e+00 
6.4986300001e+00 5.0000000000e+00 
6.4993900001e+00 5.0000000000e+00 
6.5279200001e+00 5.0000000000e+00 
6.6279200001e+00 5.0000000000e+00 
6.7279200001e+00 5.0000000000e+00 
6.8279200001e+00 5.0000000000e+00 
6.8427400001e+00 5.0000000000e+00 
6.8427400001e+00 5.0000000000e+00 
6.8483400001e+00 5.0000000000e+00 
6.8483400001e+00 5.0000000000e+00 
6.8539400001e+00 5.0000000000e+00 
6.8539400001e+00 5.0000000000e+00 
6.8595400001e+00 5.0000000000e+00 
6.8595400001e+00 5.0000000000e+00 
6.8595400001e+00 5.0000000000e+00 
6.9050000001e+00 5.0000000000e+00 
6.9550000001e+00 5.0000000000e+00 
7.0050000001e+00 5.0000000000e+00 
7.0050000001e+00 5.0000000000e+00 
7.0550000001e+00 5.0000000000e+00 
7.0550000001e+00 5.0000000000e+00 
7.1250000001e+00 5.0000000000e+00 
7.2250000001e+00 5.0000000000e+00 
7.2600000001e+00 5.0000000000e+00 
7.2600000001e+00 5.0000000000e+00 
7.2950000001e+00 5.0000000000e+00 
7.2950000001e+00 5.0000000000e+00 
7.3450000001e+00 5.0000000000e+00 
7.3450000001e+00 5.0000000000e+00 
7.3950000001e+00 5.0000000000e+00 
7.4015000001e+00 5.0000000000e+00 
7.4775000001e+00 5.0000000000e+00 
7.4775000001e+00 5.0000000000e+00 
7.4775000001e+00 5.0000000000e+00 
7.4775000001e+00 5.0000000000e+00 
7.4950000001e+00 5.0000000000e+00 
7.5450000001e+00 5.0000000000e+00 
7.5477400001e+00 5.0000000000e+00 
7.5477400001e+00 5.0000000000e+00 
7.5533400001e+00 5.0000000000e+00 
7.5533400001e+00 5.0000000000e+00 
7.5589400001e+00 5.0000000000e+00 
7.5589400001e+00 5.0000000000e+00 
7.5645400001e+00 5.0000000000e+00 
7.5645400001e+00 5.0000000000e+00 
7.5645400001e+00 5.0000000000e+00 
7.6970400001e+00 5.0000000000e+00 
7.7690300001e+00 5.0000000000e+00 
7.7778900001e+00 5.0000000000e+00 
7.7778900001e+00 5.0000000000e+00 
7.9778900001e+00 5.0000000000e+00 
7.9778900001e+00 5.0000000000e+00 
8.0395400001e+00 5.0000000000e+00 
8.0800000001e+00 5.0000000000e+00 
8.1300000001e+00 5.0000000000e+00 
8.1800000001e+00 5.0000000000e+00 
8.1800000001e+00 5.0000000000e+00 
8.2300000001e+00 5.0000000000e+00 
8.2300000001e+00 5.0000000000e+00 
8.3000000001e+00 5.0000000000e+00 
8.4000000001e+00 5.0000000000e+00 
8.4350000001e+00 5.0000000000e+00 
8.4350000001e+00 5.0000000000e+00 
8.4700000001e+00 5.0000000000e+00 
8.4700000001e+00 5.0000000000e+00 
8.5200000001e+00 5.0000000000e+00 
8.5200000001e+00 5.0000000000e+00 
8.5700000001e+00 5.0000000000e+00 
8.5765000001e+00 5.0000000000e+00 
8.6525000001e+00 5.0000000000e+00 
8.6525000001e+00 5.0000000000e+00 
8.6525000001e+00 5.0000000000e+00 
8.6525000001e+00 5.0000000000e+00 
8.6748500001e+00 5.0000000000e+00 
8.7235000001e+00 5.0000000000e+00 
8.7235000001e+00 5.0000000000e+00 
8.7291000001e+00 5.0000000000e+00 
8.7291000001e+00 5.0000000000e+00 
8.7347000001e+00 5.0000000000e+00 
8.7347000001e+00 5.0000000000e+00 
8.7403000001e+00 5.0000000000e+00 
8.7403000001e+00 5.0000000000e+00 
8.7403000001e+00 5.0000000000e+00 
8.7511500001e+00 5.0000000000e+00 
8.7533100001e+00 5.0000000000e+00 
8.8533100001e+00 5.0000000000e+00 
8.8939000001e+00 5.0000000000e+00 
8.8962600001e+00 5.0000000000e+00 
8.8979900001e+00 5.0000000000e+00 
8.8998000001e+00 5.0000000000e+00 
8.9998000001e+00 5.0000000000e+00 
9.0450000001e+00 5.0000000000e+00 
9.0566923080e+00 5.0000000000e+00 
9.0683846159e+00 5.0000000000e+00 
9.0800769237e+00 5.0000000000e+00 
9.0917692316e+00 5.0000000000e+00 
9.1034615395e+00 5.0000000000e+00 
9.1151538474e+00 5.0000000000e+00 
9.1268461553e+00 5.0000000000e+00 
9.1385384632e+00 5.0000000000e+00 
9.1502307711e+00 5.0000000000e+00 
9.1619230790e+00 5.0000000000e+00 
9.1736153869e+00 5.0000000000e+00 
9.1853076948e+00 5.0000000000e+00 
9.1970000026e+00 5.0000000000e+00 
9.2086923105e+00 5.0000000000e+00 
9.2203846184e+00 5.0000000000e+00 
9.2320769263e+00 5.0000000000e+00 
9.2437692342e+00 5.0000000000e+00 
9.2554615421e+00 5.0000000000e+00 
9.2671538500e+00 5.0000000000e+00 
9.2788461579e+00 5.0000000000e+00 
9.2850000003e+00 5.0000000000e+00 
9.3050000001e+00 5.0000000000e+00 
9.3550000001e+00 5.0000000000e+00 
9.3550000001e+00 5.0000000000e+00 
9.4050000001e+00 5.0000000000e+00 
9.4050000001e+00 5.0000000000e+00 
9.4750000001e+00 5.0000000000e+00 
9.5750000001e+00 5.0000000000e+00 
9.5750000001e+00 5.0000000000e+00 
9.6100000001e+00 5.0000000000e+00 
9.6100000001e+00 5.0000000000e+00 
9.6450000001e+00 5.0000000000e+00 
9.6450000001e+00 5.0000000000e+00 
9.6950000001e+00 5.0000000000e+00 
9.6950000001e+00 5.0000000000e+00 
9.7450000001e+00 5.0000000000e+00 
9.7515000001e+00 5.0000000000e+00 
9.7515000001e+00 5.0000000000e+00 
9.7515000001e+00 5.0000000000e+00 
9.7515000001e+00 5.0000000000e+00 
9.7550000001e+00 5.0000000000e+00 
9.9450000001e+00 5.0000000000e+00 
9.9450000001e+00 5.0000000000e+00 
9.9450000001e+00 5.0000000000e+00 
9.9950000001e+00 5.0000000000e+00 
1.0095000000e+01 5.0000000000e+00 
1.0195000000e+01 5.0000000000e+00 
1.0295000000e+01 5.0000000000e+00 
1.0395000000e+01 5.0000000000e+00 
1.0495000000e+01 5.0000000000e+00 
1.0595000000e+01 5.0000000000e+00 
1.0695000000e+01 5.0000000000e+00 
1.0695000000e+01 5.0000000000e+00 
1.0871140000e+01 5.0000000000e+00 
1.0871140000e+01 5.0000000000e+00 
1.0884720247e+01 5.0000000000e+00 
1.0898300494e+01 5.0000000000e+00 
1.0911880741e+01 5.0000000000e+00 
1.0925460987e+01 5.0000000000e+00 
1.0939041234e+01 5.0000000000e+00 
1.0952621481e+01 5.0000000000e+00 
1.0966201728e+01 5.0000000000e+00 
1.0979781975e+01 5.0000000000e+00 
1.0993362222e+01 5.0000000000e+00 
1.1006942468e+01 5.0000000000e+00 
1.1020522715e+01 5.0000000000e+00 
1.1034102962e+01 5.0000000000e+00 
1.1047683209e+01 5.0000000000e+00 
1.1061263456e+01 5.0000000000e+00 
1.1074843703e+01 5.0000000000e+00 
1.1088423949e+01 5.0000000000e+00 
1.1102004196e+01 5.0000000000e+00 
1.1115584443e+01 5.0000000000e+00 
1.1129164690e+01 5.0000000000e+00 
1.1142744937e+01 5.0000000000e+00 
1.1156325183e+01 5.0000000000e+00 
1.1169905430e+01 5.0000000000e+00 
1.1171140000e+01 5.0000000000e+00 
1.1251740000e+01 5.0000000000e+00 
1.1264055271e+01 5.0000000000e+00 
1.1276370541e+01 5.0000000000e+00 
1.1288685812e+01 5.0000000000e+00 
1.1301001082e+01 5.0000000000e+00 
1.1313316353e+01 5.0000000000e+00 
1.1325631623e+01 5.0000000000e+00 
1.1337946894e+01 5.0000000000e+00 
1.1350262164e+01 5.0000000000e+00 
1.1362577435e+01 5.0000000000e+00 
1.1374892705e+01 5.0000000000e+00 
1.1387207975e+01 5.0000000000e+00 
1.1399523246e+01 5.0000000000e+00 
1.1411838516e+01 5.0000000000e+00 
1.1424153787e+01 5.0000000000e+00 
1.1436469057e+01 5.0000000000e+00 
1.1448784328e+01 5.0000000000e+00 
1.1461099598e+01 5.0000000000e+00 
1.1473414869e+01 5.0000000000e+00 
1.1485730139e+01 5.0000000000e+00 
1.1498045410e+01 5.0000000000e+00 
1.1501740000e+01 5.0000000000e+00 
1.1556940000e+01 5.0000000000e+00 
1.1570517586e+01 5.0000000000e+00 
1.1584095172e+01 5.0000000000e+00 
1.1597672758e+01 5.0000000000e+00 
1.1611250344e+01 5.0000000000e+00 
1.1624827930e+01 5.0000000000e+00 
1.1638405516e+01 5.0000000000e+00 
1.1651983102e+01 5.0000000000e+00 
1.1665560688e+01 5.0000000000e+00 
1.1679138274e+01 5.0000000000e+00 
1.1692715860e+01 5.0000000000e+00 
1.1706293447e+01 5.0000000000e+00 
1.1719871033e+01 5.0000000000e+00 
1.1733448619e+01 5.0000000000e+00 
1.1747026205e+01 5.0000000000e+00 
1.1760603791e+01 5.0000000000e+00 
1.1774181377e+01 5.0000000000e+00 
1.1787758963e+01 5.0000000000e+00 
1.1801336549e+01 5.0000000000e+00 
1.1814914135e+01 5.0000000000e+00 
1.1828491721e+01 5.0000000000e+00 
1.1842069307e+01 5.0000000000e+00 
1.1855646893e+01 5.0000000000e+00 
1.1856940000e+01 5.0000000000e+00 
1.1937540000e+01 5.0000000000e+00 
1.1949782268e+01 5.0000000000e+00 
1.1962024536e+01 5.0000000000e+00 
1.1974266804e+01 5.0000000000e+00 
1.1986509071e+01 5.0000000000e+00 
1.1998751339e+01 5.0000000000e+00 
1.2010993607e+01 5.0000000000e+00 
1.2023235875e+01 5.0000000000e+00 
1.2035478143e+01 5.0000000000e+00 
1.2047720411e+01 5.0000000000e+00 
1.2059962678e+01 5.0000000000e+00 
1.2072204946e+01 5.0000000000e+00 
1.2084447214e+01 5.0000000000e+00 
1.2096689482e+01 5.0000000000e+00 
1.2108931750e+01 5.0000000000e+00 
1.2121174018e+01 5.0000000000e+00 
1.2133416286e+01 5.0000000000e+00 
1.2145658553e+01 5.0000000000e+00 
1.2157900821e+01 5.0000000000e+00 
1.2170143089e+01 5.0000000000e+00 
1.2182385357e+01 5.0000000000e+00 
1.2187540000e+01 5.0000000000e+00 
1.2242740000e+01 5.0000000000e+00 
1.2256693488e+01 5.0000000000e+00 
1.2270646977e+01 5.0000000000e+00 
1.2284600465e+01 5.0000000000e+00 
1.2298553953e+01 5.0000000000e+00 
1.2312507442e+01 5.0000000000e+00 
1.2326460930e+01 5.0000000000e+00 
1.2340414418e+01 5.0000000000e+00 
1.2354367907e+01 5.0000000000e+00 
1.2368321395e+01 5.0000000000e+00 
1.2382274883e+01 5.0000000000e+00 
1.2396228372e+01 5.0000000000e+00 
1.2410181860e+01 5.0000000000e+00 
1.2424135348e+01 5.0000000000e+00 
1.2438088837e+01 5.0000000000e+00 
1.2452042325e+01 5.0000000000e+00 
1.2465995813e+01 5.0000000000e+00 
1.2479949302e+01 5.0000000000e+00 
1.2493902790e+01 5.0000000000e+00 
1.2507856278e+01 5.0000000000e+00 
1.2521809766e+01 5.0000000000e+00 
1.2535763255e+01 5.0000000000e+00 
1.2542740000e+01 5.0000000000e+00 
1.2623340000e+01 5.0000000000e+00 
1.2635840000e+01 5.0000000000e+00 
1.2648340000e+01 5.0000000000e+00 
1.2660840001e+01 5.0000000000e+00 
1.2673340001e+01 5.0000000000e+00 
1.2685840001e+01 5.0000000000e+00 
1.2698340001e+01 5.0000000000e+00 
1.2710840001e+01 5.0000000000e+00 
1.2723340002e+01 5.0000000000e+00 
1.2735840002e+01 5.0000000000e+00 
1.2748340002e+01 5.0000000000e+00 
1.2760840002e+01 5.0000000000e+00 
1.2773340002e+01 5.0000000000e+00 
1.2785840003e+01 5.0000000000e+00 
1.2798340003e+01 5.0000000000e+00 
1.2810840003e+01 5.0000000000e+00 
1.2823340003e+01 5.0000000000e+00 
1.2835840003e+01 5.0000000000e+00 
1.2848340003e+01 5.0000000000e+00 
1.2860840004e+01 5.0000000000e+00 
1.2873340000e+01 5.0000000000e+00 
1.2928540000e+01 5.0000000000e+00 
1.2943080817e+01 5.0000000000e+00 
1.2957621633e+01 5.0000000000e+00 
1.2972162450e+01 5.0000000000e+00 
1.2986703267e+01 5.0000000000e+00 
1.3001244083e+01 5.0000000000e+00 
1.3015784900e+01 5.0000000000e+00 
1.3030325717e+01 5.0000000000e+00 
1.3044866533e+01 5.0000000000e+00 
1.3059407350e+01 5.0000000000e+00 
1.3073948167e+01 5.0000000000e+00 
1.3088488983e+01 5.0000000000e+00 
1.3103029800e+01 5.0000000000e+00 
1.3117570617e+01 5.0000000000e+00 
1.3132111433e+01 5.0000000000e+00 
1.3146652250e+01 5.0000000000e+00 
1.3161193067e+01 5.0000000000e+00 
1.3175733883e+01 5.0000000000e+00 
1.3190274700e+01 5.0000000000e+00 
1.3204815517e+01 5.0000000000e+00 
1.3219356333e+01 5.0000000000e+00 
1.3228540000e+01 5.0000000000e+00 
1.3309140000e+01 5.0000000000e+00 
1.3322859512e+01 5.0000000000e+00 
1.3336579024e+01 5.0000000000e+00 
1.3350298537e+01 5.0000000000e+00 
1.3364018049e+01 5.0000000000e+00 
1.3377737561e+01 5.0000000000e+00 
1.3391457073e+01 5.0000000000e+00 
1.3405176585e+01 5.0000000000e+00 
1.3418896097e+01 5.0000000000e+00 
1.3432615609e+01 5.0000000000e+00 
1.3446335122e+01 5.0000000000e+00 
1.3460054634e+01 5.0000000000e+00 
1.3473774146e+01 5.0000000000e+00 
1.3487493658e+01 5.0000000000e+00 
1.3501213170e+01 5.0000000000e+00 
1.3514932682e+01 5.0000000000e+00 
1.3528652194e+01 5.0000000000e+00 
1.3542371707e+01 5.0000000000e+00 
1.3556091219e+01 5.0000000000e+00 
1.3559140000e+01 5.0000000000e+00 
1.3614340000e+01 5.0000000000e+00 
1.3630316332e+01 5.0000000000e+00 
1.3646292664e+01 5.0000000000e+00 
1.3662268996e+01 5.0000000000e+00 
1.3678245329e+01 5.0000000000e+00 
1.3694221661e+01 5.0000000000e+00 
1.3710197993e+01 5.0000000000e+00 
1.3726174325e+01 5.0000000000e+00 
1.3742150657e+01 5.0000000000e+00 
1.3758126989e+01 5.0000000000e+00 
1.3774103321e+01 5.0000000000e+00 
1.3790079653e+01 5.0000000000e+00 
1.3806055986e+01 5.0000000000e+00 
1.3822032318e+01 5.0000000000e+00 
1.3838008650e+01 5.0000000000e+00 
1.3853984982e+01 5.0000000000e+00 
1.3869961314e+01 5.0000000000e+00 
1.3885937646e+01 5.0000000000e+00 
1.3901913978e+01 5.0000000000e+00 
1.3914340000e+01 5.0000000000e+00 
1.3994940000e+01 5.0000000000e+00 
1.4009124397e+01 5.0000000000e+00 
1.4023308794e+01 5.0000000000e+00 
1.4037493190e+01 5.0000000000e+00 
1.4051677587e+01 5.0000000000e+00 
1.4065861984e+01 5.0000000000e+00 
1.4080046380e+01 5.0000000000e+00 
1.4094230777e+01 5.0000000000e+00 
1.4108415174e+01 5.0000000000e+00 
1.4122599571e+01 5.0000000000e+00 
1.4136783967e+01 5.0000000000e+00 
1.4150968364e+01 5.0000000000e+00 
1.4165152761e+01 5.0000000000e+00 
1.4179337157e+01 5.0000000000e+00 
1.4193521554e+01 5.0000000000e+00 
1.4207705951e+01 5.0000000000e+00 
1.4221890348e+01 5.0000000000e+00 
1.4236074744e+01 5.0000000000e+00 
1.4244940000e+01 5.0000000000e+00 
1.4300140000e+01 5.0000000000e+00 
1.4316923217e+01 5.0000000000e+00 
1.4333706434e+01 5.0000000000e+00 
1.4350489651e+01 5.0000000000e+00 
1.4367272868e+01 5.0000000000e+00 
1.4384056085e+01 5.0000000000e+00 
1.4400839302e+01 5.0000000000e+00 
1.4417622519e+01 5.0000000000e+00 
1.4434405736e+01 5.0000000000e+00 
1.4451188953e+01 5.0000000000e+00 
1.4467972170e+01 5.0000000000e+00 
1.4484755387e+01 5.0000000000e+00 
1.4501538604e+01 5.0000000000e+00 
1.4518321821e+01 5.0000000000e+00 
1.4535105038e+01 5.0000000000e+00 
1.4551888255e+01 5.0000000000e+00 
1.4568671472e+01 5.0000000000e+00 
1.4585454689e+01 5.0000000000e+00 
1.4600140000e+01 5.0000000000e+00 
1.4680740000e+01 5.0000000000e+00 
1.4696496304e+01 5.0000000000e+00 
1.4712252607e+01 5.0000000000e+00 
1.4728008910e+01 5.0000000000e+00 
1.4743765214e+01 5.0000000000e+00 
1.4759521517e+01 5.0000000000e+00 
1.4775277821e+01 5.0000000000e+00 
1.4791034124e+01 5.0000000000e+00 
1.4806790428e+01 5.0000000000e+00 
1.4822546731e+01 5.0000000000e+00 
1.4838303035e+01 5.0000000000e+00 
1.4854059338e+01 5.0000000000e+00 
1.4869815641e+01 5.0000000000e+00 
1.4885571945e+01 5.0000000000e+00 
1.4901328248e+01 5.0000000000e+00 
1.4917084552e+01 5.0000000000e+00 
1.4930740000e+01 5.0000000000e+00 
1.4985940000e+01 5.0000000000e+00 
1.5003797144e+01 5.0000000000e+00 
1.5021654287e+01 5.0000000000e+00 
1.5039511431e+01 5.0000000000e+00 
1.5057368575e+01 5.0000000000e+00 
1.5075225718e+01 5.0000000000e+00 
1.5093082862e+01 5.0000000000e+00 
1.5110940006e+01 5.0000000000e+00 
1.5128797149e+01 5.0000000000e+00 
1.5146654293e+01 5.0000000000e+00 
1.5164511437e+01 5.0000000000e+00 
1.5182368580e+01 5.0000000000e+00 
1.5200225724e+01 5.0000000000e+00 
1.5218082868e+01 5.0000000000e+00 
1.5235940011e+01 5.0000000000e+00 
1.5253797155e+01 5.0000000000e+00 
1.5271654299e+01 5.0000000000e+00 
1.5285940000e+01 5.0000000000e+00 
1.5366540000e+01 5.0000000000e+00 
1.5383206668e+01 5.0000000000e+00 
1.5399873335e+01 5.0000000000e+00 
1.5416540003e+01 5.0000000000e+00 
1.5433206670e+01 5.0000000000e+00 
1.5449873338e+01 5.0000000000e+00 
1.5466540005e+01 5.0000000000e+00 
1.5483206673e+01 5.0000000000e+00 
1.5499873340e+01 5.0000000000e+00 
1.5516540008e+01 5.0000000000e+00 
1.5533206675e+01 5.0000000000e+00 
1.5549873343e+01 5.0000000000e+00 
1.5566540011e+01 5.0000000000e+00 
1.5583206678e+01 5.0000000000e+00 
1.5599873346e+01 5.0000000000e+00 
1.5616540000e+01 5.0000000000e+00 
1.5671740000e+01 5.0000000000e+00 
1.5691476841e+01 5.0000000000e+00 
1.5711213683e+01 5.0000000000e+00 
1.5730950524e+01 5.0000000000e+00 
1.5750687365e+01 5.0000000000e+00 
1.5770424207e+01 5.0000000000e+00 
1.5790161048e+01 5.0000000000e+00 
1.5809897889e+01 5.0000000000e+00 
1.5829634731e+01 5.0000000000e+00 
1.5849371572e+01 5.0000000000e+00 
1.5869108413e+01 5.0000000000e+00 
1.5888845255e+01 5.0000000000e+00 
1.5908582096e+01 5.0000000000e+00 
1.5928318937e+01 5.0000000000e+00 
1.5948055779e+01 5.0000000000e+00 
1.5967792620e+01 5.0000000000e+00 
1.5971740000e+01 5.0000000000e+00 
1.6052340000e+01 5.0000000000e+00 
1.6069445263e+01 5.0000000000e+00 
1.6086550526e+01 5.0000000000e+00 
1.6103655788e+01 5.0000000000e+00 
1.6120761051e+01 5.0000000000e+00 
1.6137866314e+01 5.0000000000e+00 
1.6154971576e+01 5.0000000000e+00 
1.6172076839e+01 5.0000000000e+00 
1.6189182102e+01 5.0000000000e+00 
1.6206287365e+01 5.0000000000e+00 
1.6223392627e+01 5.0000000000e+00 
1.6240497890e+01 5.0000000000e+00 
1.6257603153e+01 5.0000000000e+00 
1.6274708416e+01 5.0000000000e+00 
1.6291813678e+01 5.0000000000e+00 
1.6302340000e+01 5.0000000000e+00 
1.6357540000e+01 5.0000000000e+00 
1.6527352000e+01 5.0000000000e+00 
1.6623008000e+01 5.0000000000e+00 
1.6668008000e+01 5.0000000000e+00 
1.6713008000e+01 5.0000000000e+00 
1.6798008000e+01 5.0000000000e+00 
1.6873008000e+01 5.0000000000e+00 
1.7073008000e+01 5.0000000000e+00 
1.7108008000e+01 5.0000000000e+00 
1.7224508000e+01 5.0000000000e+00 
1.7224508000e+01 5.0000000000e+00 
1.7224508000e+01 5.0000000000e+00 
1.7239508000e+01 5.0000000000e+00 
1.7299508000e+01 5.0000000000e+00 
