 
4.0000000000e-01 1.2200000000e+01 
5.7000000001e-01 1.0880000000e+01 
1.3000000000e+00 7.7500000000e+00 
1.4700000000e+00 6.0500000000e+00 
2.3550000000e+00 1.0700000000e+01 
2.5250000000e+00 9.8200000000e+00 
2.6450000000e+00 1.0700000000e+01 
3.5300000000e+00 1.2900000000e+01 
3.7000000000e+00 1.1600000000e+01 
3.8200000000e+00 1.2900000000e+01 
4.7047000000e+00 1.3300000000e+01 
4.8747000000e+00 1.1600000000e+01 
4.9947000001e+00 1.3300000000e+01 
5.8797000001e+00 1.2700000000e+01 
6.0497000001e+00 1.1090000000e+01 
6.1697000001e+00 1.2700000000e+01 
7.0550000001e+00 1.3880000000e+01 
7.2250000001e+00 1.2240000000e+01 
7.3450000001e+00 1.3880000000e+01 
8.2300000001e+00 1.3400000000e+01 
8.4000000001e+00 1.2000000000e+01 
8.5200000001e+00 1.3400000000e+01 
9.4050000001e+00 1.2750000000e+01 
9.5750000001e+00 1.1550000000e+01 
9.6950000001e+00 1.2750000000e+01 
1.1171140000e+01 6.8863660052e-01 
1.1856940000e+01 7.7471617559e-01 
1.2542740000e+01 8.4357983564e-01 
1.3228540000e+01 9.0383553818e-01 
1.3914340000e+01 9.6839521948e-01 
1.4600140000e+01 9.0383553818e-01 
1.5285940000e+01 8.3066789938e-01 
1.5971740000e+01 1.1835941571e+00 
