Exx' Eyy' Et Ezz' 
2.5000000000e-01 2.1000000000e-01 2.1000000000e-01 2.1000000000e-01 3.4000000000e-01 
3.0000000000e-01 2.1000000000e-01 2.1000000000e-01 2.1000000000e-01 3.4000000000e-01 
3.0000000000e-01 2.1000000000e-01 2.1000000000e-01 2.1000000000e-01 3.4000000000e-01 
4.0000000000e-01 2.1000000000e-01 2.1000000000e-01 2.1000000000e-01 3.4000000000e-01 
4.0000000000e-01 2.1000000000e-01 2.1000000000e-01 2.1000000000e-01 3.4000000000e-01 
4.3500000000e-01 2.1000000000e-01 2.1000000000e-01 2.1000000000e-01 3.4000000000e-01 
4.3500000001e-01 2.1000000000e-01 2.1000000000e-01 2.1000000000e-01 3.4000000000e-01 
4.7000000001e-01 2.1000000000e-01 2.1000000000e-01 2.1000000000e-01 3.4000000000e-01 
4.7000000001e-01 2.1000000000e-01 2.1000000000e-01 2.1000000000e-01 3.4000000000e-01 
5.7000000001e-01 2.1000000000e-01 2.1000000000e-01 2.1000000000e-01 3.4000000000e-01 
5.7000000001e-01 2.1000000000e-01 2.1000000000e-01 2.1000000000e-01 3.4000000000e-01 
6.2000000001e-01 2.1000000000e-01 2.1000000000e-01 2.1000000000e-01 3.4000000000e-01 
6.2900000001e-01 2.1000000000e-01 2.1000000000e-01 2.1000000000e-01 3.4000000000e-01 
7.0500000001e-01 2.1000000000e-01 2.1000000000e-01 2.1000000000e-01 3.4000000000e-01 
7.0500000001e-01 2.1000000000e-01 2.1000000000e-01 2.1000000000e-01 3.4000000000e-01 
7.6780000001e-01 2.1000000000e-01 2.1000000000e-01 2.1000000000e-01 3.4000000000e-01 
7.6780000001e-01 2.1000000000e-01 2.1000000000e-01 2.1000000000e-01 3.4000000000e-01 
7.7340000001e-01 2.1000000000e-01 2.1000000000e-01 2.1000000000e-01 3.4000000000e-01 
7.7340000001e-01 2.1000000000e-01 2.1000000000e-01 2.1000000000e-01 3.4000000000e-01 
7.7900000001e-01 2.1000000000e-01 2.1000000000e-01 2.1000000000e-01 3.4000000000e-01 
7.7900000001e-01 2.1000000000e-01 2.1000000000e-01 2.1000000000e-01 3.4000000000e-01 
7.8460000001e-01 2.1000000000e-01 2.1000000000e-01 2.1000000000e-01 3.4000000000e-01 
7.8460000001e-01 2.1000000000e-01 2.1000000000e-01 2.1000000000e-01 3.4000000000e-01 
7.8460000001e-01 2.1000000000e-01 2.1000000000e-01 2.1000000000e-01 3.4000000000e-01 
8.2860000001e-01 2.1000000000e-01 2.1000000000e-01 2.1000000000e-01 3.4000000000e-01 
8.4860000001e-01 2.1000000000e-01 2.1000000000e-01 2.1000000000e-01 3.4000000000e-01 
8.7860000001e-01 2.1000000000e-01 2.1000000000e-01 2.1000000000e-01 3.4000000000e-01 
8.9029230790e-01 2.1000000003e-01 2.1000000008e-01 2.1000000006e-01 3.4000000005e-01 
9.0198461579e-01 2.0999999989e-01 2.1000000026e-01 2.1000000007e-01 3.3999999982e-01 
9.1367692368e-01 2.0999999883e-01 2.0999999997e-01 2.0999999940e-01 3.3999999810e-01 
9.2536923157e-01 2.0999999458e-01 2.0999999467e-01 2.0999999462e-01 3.3999999124e-01 
9.3706153946e-01 2.0999998416e-01 2.1000002717e-01 2.1000000566e-01 3.3999997632e-01 
9.4875384735e-01 2.0999998167e-01 2.1000096970e-01 2.1000047566e-01 3.4000002065e-01 
9.6044615524e-01 2.1000001823e-01 2.1000768619e-01 2.1000385155e-01 3.4000014411e-01 
9.7213846313e-01 2.1000002606e-01 2.1002119720e-01 2.1001060906e-01 3.4000019969e-01 
9.8383077102e-01 2.0999996715e-01 2.1002159879e-01 2.1001077901e-01 3.4000349625e-01 
9.9552307890e-01 2.0999994371e-01 2.1001653929e-01 2.1000823728e-01 3.4000858198e-01 
1.0072153868e+00 2.0999994609e-01 2.1001891309e-01 2.1000942606e-01 3.4000623920e-01 
1.0189076947e+00 2.0999998288e-01 2.1002364768e-01 2.1001181050e-01 3.4000061055e-01 
1.0306000026e+00 2.1000000976e-01 2.1001264494e-01 2.1000631914e-01 3.4000003730e-01 
1.0422923105e+00 2.0999996810e-01 2.1000146591e-01 2.1000070421e-01 3.3999998229e-01 
1.0539846184e+00 2.0999994261e-01 2.1000005739e-01 2.0999998451e-01 3.3999989669e-01 
1.0656769262e+00 2.0999995129e-01 2.1000051794e-01 2.1000021865e-01 3.3999991864e-01 
1.0773692341e+00 2.0999995779e-01 2.1000067567e-01 2.1000030084e-01 3.3999992978e-01 
1.0890615420e+00 2.0999995971e-01 2.1000066303e-01 2.1000029559e-01 3.3999993276e-01 
1.1007538499e+00 2.0999995999e-01 2.1000063093e-01 2.1000027976e-01 3.3999993341e-01 
1.1124461578e+00 2.0999995998e-01 2.1000061167e-01 2.1000027014e-01 3.3999993350e-01 
1.1186000002e+00 2.0999996329e-01 2.1000060895e-01 2.1000027045e-01 3.3999993889e-01 
1.1486000000e+00 2.0999996329e-01 2.1000060895e-01 2.1000027045e-01 3.3999993889e-01 
1.1500000000e+00 2.0999996329e-01 2.1000060895e-01 2.1000027045e-01 3.3999993889e-01 
1.2000000000e+00 2.0999996329e-01 2.1000060895e-01 2.1000027045e-01 3.3999993889e-01 
1.2000000000e+00 2.0999996329e-01 2.1000060895e-01 2.1000027045e-01 3.3999993889e-01 
1.3000000000e+00 2.0999996329e-01 2.1000060895e-01 2.1000027045e-01 3.3999993889e-01 
1.3000000000e+00 2.0999996329e-01 2.1000060895e-01 2.1000027045e-01 3.3999993889e-01 
1.3350000000e+00 2.0999996329e-01 2.1000060895e-01 2.1000027045e-01 3.3999993889e-01 
1.3350000000e+00 2.0999996329e-01 2.1000060895e-01 2.1000027045e-01 3.3999993889e-01 
1.3700000000e+00 2.0999996329e-01 2.1000060895e-01 2.1000027045e-01 3.3999993889e-01 
1.3700000000e+00 2.0999996329e-01 2.1000060895e-01 2.1000027045e-01 3.3999993889e-01 
1.4700000000e+00 2.0999996329e-01 2.1000060895e-01 2.1000027045e-01 3.3999993889e-01 
1.4700000000e+00 2.0999996329e-01 2.1000060895e-01 2.1000027045e-01 3.3999993889e-01 
1.5200000000e+00 2.0999996329e-01 2.1000060895e-01 2.1000027045e-01 3.3999993889e-01 
1.5290000000e+00 2.0999996329e-01 2.1000060895e-01 2.1000027045e-01 3.3999993889e-01 
1.6050000000e+00 2.0999996329e-01 2.1000060895e-01 2.1000027045e-01 3.3999993889e-01 
1.6050000000e+00 2.0999996329e-01 2.1000060895e-01 2.1000027045e-01 3.3999993889e-01 
1.7050000000e+00 2.0999996329e-01 2.1000060895e-01 2.1000027045e-01 3.3999993889e-01 
2.0550000000e+00 2.0999996329e-01 2.1000060895e-01 2.1000027045e-01 3.3999993889e-01 
2.0800000000e+00 2.0999996329e-01 2.1000060895e-01 2.1000027045e-01 3.3999993889e-01 
2.1050000000e+00 2.0999996329e-01 2.1000060895e-01 2.1000027045e-01 3.3999993889e-01 
2.1427000000e+00 2.0999996329e-01 2.1000060895e-01 2.1000027045e-01 3.3999993889e-01 
2.1427000000e+00 2.0999996329e-01 2.1000060895e-01 2.1000027045e-01 3.3999993889e-01 
2.1483000000e+00 2.0999996329e-01 2.1000060895e-01 2.1000027045e-01 3.3999993889e-01 
2.1483000000e+00 2.0999996329e-01 2.1000060895e-01 2.1000027045e-01 3.3999993889e-01 
2.1539000000e+00 2.0999996329e-01 2.1000060895e-01 2.1000027045e-01 3.3999993889e-01 
2.1539000000e+00 2.0999996329e-01 2.1000060895e-01 2.1000027045e-01 3.3999993889e-01 
2.1595000000e+00 2.0999996329e-01 2.1000060895e-01 2.1000027045e-01 3.3999993889e-01 
2.1595000000e+00 2.0999996329e-01 2.1000060895e-01 2.1000027045e-01 3.3999993889e-01 
2.1595000000e+00 2.0999996329e-01 2.1000060895e-01 2.1000027045e-01 3.3999993889e-01 
2.2050000000e+00 2.0999996329e-01 2.1000060895e-01 2.1000027045e-01 3.3999993889e-01 
2.2550000000e+00 2.0999996329e-01 2.1000060895e-01 2.1000027045e-01 3.3999993889e-01 
2.3050000000e+00 2.0999996329e-01 2.1000060895e-01 2.1000027045e-01 3.3999993889e-01 
2.3050000000e+00 2.0999996329e-01 2.1000060895e-01 2.1000027045e-01 3.3999993889e-01 
2.3550000000e+00 2.0999996329e-01 2.1000060895e-01 2.1000027045e-01 3.3999993889e-01 
2.3550000000e+00 2.0999996329e-01 2.1000060895e-01 2.1000027045e-01 3.3999993889e-01 
2.4250000000e+00 2.0999996329e-01 2.1000060895e-01 2.1000027045e-01 3.3999993889e-01 
2.4250000000e+00 2.0999996329e-01 2.1000060895e-01 2.1000027045e-01 3.3999993889e-01 
2.5250000000e+00 2.0999996329e-01 2.1000060895e-01 2.1000027045e-01 3.3999993889e-01 
2.5250000000e+00 2.0999996329e-01 2.1000060895e-01 2.1000027045e-01 3.3999993889e-01 
2.5600000000e+00 2.0999996329e-01 2.1000060895e-01 2.1000027045e-01 3.3999993889e-01 
2.5600000000e+00 2.0999996329e-01 2.1000060895e-01 2.1000027045e-01 3.3999993889e-01 
2.5950000000e+00 2.0999996329e-01 2.1000060895e-01 2.1000027045e-01 3.3999993889e-01 
2.5950000000e+00 2.0999996329e-01 2.1000060895e-01 2.1000027045e-01 3.3999993889e-01 
2.6450000000e+00 2.0999996329e-01 2.1000060895e-01 2.1000027045e-01 3.3999993889e-01 
2.6450000000e+00 2.0999996329e-01 2.1000060895e-01 2.1000027045e-01 3.3999993889e-01 
2.6950000000e+00 2.0999996329e-01 2.1000060895e-01 2.1000027045e-01 3.3999993889e-01 
2.7015000000e+00 2.0999996329e-01 2.1000060895e-01 2.1000027045e-01 3.3999993889e-01 
2.7015000000e+00 2.0999996329e-01 2.1000060895e-01 2.1000027045e-01 3.3999993889e-01 
2.7775000000e+00 2.0999996329e-01 2.1000060895e-01 2.1000027045e-01 3.3999993889e-01 
2.7775000000e+00 2.0999996329e-01 2.1000060895e-01 2.1000027045e-01 3.3999993889e-01 
2.8015000000e+00 2.0999996329e-01 2.1000060895e-01 2.1000027045e-01 3.3999993889e-01 
2.8265000000e+00 2.0999996329e-01 2.1000060895e-01 2.1000027045e-01 3.3999993889e-01 
2.8451000000e+00 2.0999996329e-01 2.1000060895e-01 2.1000027045e-01 3.3999993889e-01 
2.8451000000e+00 2.0999996329e-01 2.1000060895e-01 2.1000027045e-01 3.3999993889e-01 
2.8451000000e+00 2.0999996329e-01 2.1000060895e-01 2.1000027045e-01 3.3999993889e-01 
3.0951000000e+00 2.0999996329e-01 2.1000060895e-01 2.1000027045e-01 3.3999993889e-01 
3.3451000000e+00 2.0999996329e-01 2.1000060895e-01 2.1000027045e-01 3.3999993889e-01 
3.3451000000e+00 2.0999996329e-01 2.1000060895e-01 2.1000027045e-01 3.3999993889e-01 
3.3951000000e+00 2.0999996329e-01 2.1000060895e-01 2.1000027045e-01 3.3999993889e-01 
3.4300000000e+00 2.0999996329e-01 2.1000060895e-01 2.1000027045e-01 3.3999993889e-01 
3.4800000000e+00 2.0999996329e-01 2.1000060895e-01 2.1000027045e-01 3.3999993889e-01 
3.4800000000e+00 2.0999996329e-01 2.1000060895e-01 2.1000027045e-01 3.3999993889e-01 
3.5300000000e+00 2.0999996329e-01 2.1000060895e-01 2.1000027045e-01 3.3999993889e-01 
3.5300000000e+00 2.0999996329e-01 2.1000060895e-01 2.1000027045e-01 3.3999993889e-01 
3.6000000000e+00 2.0999996329e-01 2.1000060895e-01 2.1000027045e-01 3.3999993889e-01 
3.7000000000e+00 2.0999996329e-01 2.1000060895e-01 2.1000027045e-01 3.3999993889e-01 
3.7350000000e+00 2.0999996329e-01 2.1000060895e-01 2.1000027045e-01 3.3999993889e-01 
3.7350000000e+00 2.0999996329e-01 2.1000060895e-01 2.1000027045e-01 3.3999993889e-01 
3.7700000000e+00 2.0999996329e-01 2.1000060895e-01 2.1000027045e-01 3.3999993889e-01 
3.7700000000e+00 2.0999996329e-01 2.1000060895e-01 2.1000027045e-01 3.3999993889e-01 
3.8200000000e+00 2.0999996329e-01 2.1000060895e-01 2.1000027045e-01 3.3999993889e-01 
3.8200000000e+00 2.0999996329e-01 2.1000060895e-01 2.1000027045e-01 3.3999993889e-01 
3.8700000000e+00 2.0999996329e-01 2.1000060895e-01 2.1000027045e-01 3.3999993889e-01 
3.8700000000e+00 2.0999996329e-01 2.1000060895e-01 2.1000027045e-01 3.3999993889e-01 
3.8765000000e+00 2.0999996329e-01 2.1000060895e-01 2.1000027045e-01 3.3999993889e-01 
3.9525000000e+00 2.0999996329e-01 2.1000060895e-01 2.1000027045e-01 3.3999993889e-01 
3.9525000000e+00 2.0999996329e-01 2.1000060895e-01 2.1000027045e-01 3.3999993889e-01 
3.9529000000e+00 2.0999996329e-01 2.1000060895e-01 2.1000027045e-01 3.3999993889e-01 
3.9645923079e+00 2.0999996330e-01 2.1000059775e-01 2.1000026485e-01 3.3999992661e-01 
3.9762846158e+00 2.0999996316e-01 2.1000055859e-01 2.1000024520e-01 3.3999991120e-01 
3.9879769237e+00 2.0999996236e-01 2.1000045633e-01 2.1000019367e-01 3.3999993667e-01 
3.9996692316e+00 2.0999995957e-01 2.1000032017e-01 2.1000012418e-01 3.4000045624e-01 
4.0113615395e+00 2.0999995417e-01 2.1000030270e-01 2.1000011261e-01 3.4000646188e-01 
4.0230538474e+00 2.0999995942e-01 2.1000408162e-01 2.1000200457e-01 3.4002941131e-01 
4.0347461553e+00 2.0999999462e-01 2.1004329740e-01 2.1002162926e-01 3.4002248804e-01 
4.0464384632e+00 2.1000000079e-01 2.1007363486e-01 2.1003679901e-01 3.4002128128e-01 
4.0581307710e+00 2.0999995951e-01 2.1002880726e-01 2.1001436753e-01 3.4005861105e-01 
4.0698230789e+00 2.0999995206e-01 2.1000887113e-01 2.1000439613e-01 3.4005355717e-01 
4.0815153868e+00 2.0999996620e-01 2.1001564394e-01 2.1000778951e-01 3.4006098929e-01 
4.0932076947e+00 2.1000000429e-01 2.1005821872e-01 2.1002909436e-01 3.4003471836e-01 
4.1049000026e+00 2.1000002430e-01 2.1006651038e-01 2.1003324944e-01 3.4001693977e-01 
4.1165923105e+00 2.0999999368e-01 2.1001435016e-01 2.1000715675e-01 3.4003118869e-01 
4.1282846184e+00 2.0999998397e-01 2.1000059481e-01 2.1000027439e-01 3.4001398949e-01 
4.1399769263e+00 2.0999999761e-01 2.1000038224e-01 2.1000017467e-01 3.4000126334e-01 
4.1516692342e+00 2.1000000450e-01 2.1000048513e-01 2.1000022955e-01 3.4000014206e-01 
4.1633615421e+00 2.1000000627e-01 2.1000061662e-01 2.1000029618e-01 3.4000010459e-01 
4.1750538499e+00 2.1000000652e-01 2.1000067917e-01 2.1000032758e-01 3.4000010718e-01 
4.1867461578e+00 2.1000000648e-01 2.1000069795e-01 2.1000033696e-01 3.4000011029e-01 
4.1929000003e+00 2.1000000901e-01 2.1000070369e-01 2.1000034109e-01 3.4000011544e-01 
4.2129000000e+00 2.1000000901e-01 2.1000070369e-01 2.1000034109e-01 3.4000011544e-01 
4.5429000000e+00 2.1000000901e-01 2.1000070369e-01 2.1000034109e-01 3.4000011544e-01 
4.6047000000e+00 2.1000000901e-01 2.1000070369e-01 2.1000034109e-01 3.4000011544e-01 
4.6547000000e+00 2.1000000901e-01 2.1000070369e-01 2.1000034109e-01 3.4000011544e-01 
4.6547000000e+00 2.1000000901e-01 2.1000070369e-01 2.1000034109e-01 3.4000011544e-01 
4.7047000000e+00 2.1000000901e-01 2.1000070369e-01 2.1000034109e-01 3.4000011544e-01 
4.7047000000e+00 2.1000000901e-01 2.1000070369e-01 2.1000034109e-01 3.4000011544e-01 
4.7747000000e+00 2.1000000901e-01 2.1000070369e-01 2.1000034109e-01 3.4000011544e-01 
4.8747000000e+00 2.1000000901e-01 2.1000070369e-01 2.1000034109e-01 3.4000011544e-01 
4.9097000000e+00 2.1000000901e-01 2.1000070369e-01 2.1000034109e-01 3.4000011544e-01 
4.9097000001e+00 2.1000000901e-01 2.1000070369e-01 2.1000034109e-01 3.4000011544e-01 
4.9447000001e+00 2.1000000901e-01 2.1000070369e-01 2.1000034109e-01 3.4000011544e-01 
4.9447000001e+00 2.1000000901e-01 2.1000070369e-01 2.1000034109e-01 3.4000011544e-01 
4.9947000001e+00 2.1000000901e-01 2.1000070369e-01 2.1000034109e-01 3.4000011544e-01 
4.9947000001e+00 2.1000000901e-01 2.1000070369e-01 2.1000034109e-01 3.4000011544e-01 
5.0447000001e+00 2.1000000901e-01 2.1000070369e-01 2.1000034109e-01 3.4000011544e-01 
5.0512000001e+00 2.1000000901e-01 2.1000070369e-01 2.1000034109e-01 3.4000011544e-01 
5.0512000001e+00 2.1000000901e-01 2.1000070369e-01 2.1000034109e-01 3.4000011544e-01 
5.0512000001e+00 2.1000000901e-01 2.1000070369e-01 2.1000034109e-01 3.4000011544e-01 
5.0512000001e+00 2.1000000901e-01 2.1000070369e-01 2.1000034109e-01 3.4000011544e-01 
5.1272000001e+00 2.1000000901e-01 2.1000070369e-01 2.1000034109e-01 3.4000011544e-01 
5.1272000001e+00 2.1000000901e-01 2.1000070369e-01 2.1000034109e-01 3.4000011544e-01 
5.2000000001e+00 2.1000000901e-01 2.1000070369e-01 2.1000034109e-01 3.4000011544e-01 
5.2000000001e+00 2.1000000901e-01 2.1000070369e-01 2.1000034109e-01 3.4000011544e-01 
5.4500000001e+00 2.1000000901e-01 2.1000070369e-01 2.1000034109e-01 3.4000011544e-01 
5.7000000001e+00 2.1000000901e-01 2.1000070369e-01 2.1000034109e-01 3.4000011544e-01 
5.7000000001e+00 2.1000000901e-01 2.1000070369e-01 2.1000034109e-01 3.4000011544e-01 
5.7500000001e+00 2.1000000901e-01 2.1000070369e-01 2.1000034109e-01 3.4000011544e-01 
5.7750000001e+00 2.1000000901e-01 2.1000070369e-01 2.1000034109e-01 3.4000011544e-01 
5.7750000001e+00 2.1000000901e-01 2.1000070369e-01 2.1000034109e-01 3.4000011544e-01 
5.7797000001e+00 2.1000000901e-01 2.1000070369e-01 2.1000034109e-01 3.4000011544e-01 
5.8297000001e+00 2.1000000901e-01 2.1000070369e-01 2.1000034109e-01 3.4000011544e-01 
5.8297000001e+00 2.1000000901e-01 2.1000070369e-01 2.1000034109e-01 3.4000011544e-01 
5.8797000001e+00 2.1000000901e-01 2.1000070369e-01 2.1000034109e-01 3.4000011544e-01 
5.8797000001e+00 2.1000000901e-01 2.1000070369e-01 2.1000034109e-01 3.4000011544e-01 
5.9497000001e+00 2.1000000901e-01 2.1000070369e-01 2.1000034109e-01 3.4000011544e-01 
6.0497000001e+00 2.1000000901e-01 2.1000070369e-01 2.1000034109e-01 3.4000011544e-01 
6.0847000001e+00 2.1000000901e-01 2.1000070369e-01 2.1000034109e-01 3.4000011544e-01 
6.0847000001e+00 2.1000000901e-01 2.1000070369e-01 2.1000034109e-01 3.4000011544e-01 
6.1197000001e+00 2.1000000901e-01 2.1000070369e-01 2.1000034109e-01 3.4000011544e-01 
6.1197000001e+00 2.1000000901e-01 2.1000070369e-01 2.1000034109e-01 3.4000011544e-01 
6.1697000001e+00 2.1000000901e-01 2.1000070369e-01 2.1000034109e-01 3.4000011544e-01 
6.1697000001e+00 2.1000000901e-01 2.1000070369e-01 2.1000034109e-01 3.4000011544e-01 
6.2197000001e+00 2.1000000901e-01 2.1000070369e-01 2.1000034109e-01 3.4000011544e-01 
6.2262000001e+00 2.1000000901e-01 2.1000070369e-01 2.1000034109e-01 3.4000011544e-01 
6.3022000001e+00 2.1000000901e-01 2.1000070369e-01 2.1000034109e-01 3.4000011544e-01 
6.3022000001e+00 2.1000000901e-01 2.1000070369e-01 2.1000034109e-01 3.4000011544e-01 
6.3022000001e+00 2.1000000901e-01 2.1000070369e-01 2.1000034109e-01 3.4000011544e-01 
6.3022000001e+00 2.1000000901e-01 2.1000070369e-01 2.1000034109e-01 3.4000011544e-01 
6.3022000001e+00 2.1000000901e-01 2.1000070369e-01 2.1000034109e-01 3.4000011544e-01 
6.4022000001e+00 2.1000000901e-01 2.1000070369e-01 2.1000034109e-01 3.4000011544e-01 
6.4986300001e+00 2.1000000901e-01 2.1000070369e-01 2.1000034109e-01 3.4000011544e-01 
6.4993900001e+00 2.1000000901e-01 2.1000070369e-01 2.1000034109e-01 3.4000011544e-01 
6.5279200001e+00 2.1000000901e-01 2.1000070369e-01 2.1000034109e-01 3.4000011544e-01 
6.6279200001e+00 2.1000000901e-01 2.1000070369e-01 2.1000034109e-01 3.4000011544e-01 
6.7279200001e+00 2.1000000901e-01 2.1000070369e-01 2.1000034109e-01 3.4000011544e-01 
6.8279200001e+00 2.1000000901e-01 2.1000070369e-01 2.1000034109e-01 3.4000011544e-01 
6.8427400001e+00 2.1000000901e-01 2.1000070369e-01 2.1000034109e-01 3.4000011544e-01 
6.8427400001e+00 2.1000000901e-01 2.1000070369e-01 2.1000034109e-01 3.4000011544e-01 
6.8483400001e+00 2.1000000901e-01 2.1000070369e-01 2.1000034109e-01 3.4000011544e-01 
6.8483400001e+00 2.1000000901e-01 2.1000070369e-01 2.1000034109e-01 3.4000011544e-01 
6.8539400001e+00 2.1000000901e-01 2.1000070369e-01 2.1000034109e-01 3.4000011544e-01 
6.8539400001e+00 2.1000000901e-01 2.1000070369e-01 2.1000034109e-01 3.4000011544e-01 
6.8595400001e+00 2.1000000901e-01 2.1000070369e-01 2.1000034109e-01 3.4000011544e-01 
6.8595400001e+00 2.1000000901e-01 2.1000070369e-01 2.1000034109e-01 3.4000011544e-01 
6.8595400001e+00 2.1000000901e-01 2.1000070369e-01 2.1000034109e-01 3.4000011544e-01 
6.9050000001e+00 2.1000000901e-01 2.1000070369e-01 2.1000034109e-01 3.4000011544e-01 
6.9550000001e+00 2.1000000901e-01 2.1000070369e-01 2.1000034109e-01 3.4000011544e-01 
7.0050000001e+00 2.1000000901e-01 2.1000070369e-01 2.1000034109e-01 3.4000011544e-01 
7.0050000001e+00 2.1000000901e-01 2.1000070369e-01 2.1000034109e-01 3.4000011544e-01 
7.0550000001e+00 2.1000000901e-01 2.1000070369e-01 2.1000034109e-01 3.4000011544e-01 
7.0550000001e+00 2.1000000901e-01 2.1000070369e-01 2.1000034109e-01 3.4000011544e-01 
7.1250000001e+00 2.1000000901e-01 2.1000070369e-01 2.1000034109e-01 3.4000011544e-01 
7.2250000001e+00 2.1000000901e-01 2.1000070369e-01 2.1000034109e-01 3.4000011544e-01 
7.2600000001e+00 2.1000000901e-01 2.1000070369e-01 2.1000034109e-01 3.4000011544e-01 
7.2600000001e+00 2.1000000901e-01 2.1000070369e-01 2.1000034109e-01 3.4000011544e-01 
7.2950000001e+00 2.1000000901e-01 2.1000070369e-01 2.1000034109e-01 3.4000011544e-01 
7.2950000001e+00 2.1000000901e-01 2.1000070369e-01 2.1000034109e-01 3.4000011544e-01 
7.3450000001e+00 2.1000000901e-01 2.1000070369e-01 2.1000034109e-01 3.4000011544e-01 
7.3450000001e+00 2.1000000901e-01 2.1000070369e-01 2.1000034109e-01 3.4000011544e-01 
7.3950000001e+00 2.1000000901e-01 2.1000070369e-01 2.1000034109e-01 3.4000011544e-01 
7.4015000001e+00 2.1000000901e-01 2.1000070369e-01 2.1000034109e-01 3.4000011544e-01 
7.4775000001e+00 2.1000000901e-01 2.1000070369e-01 2.1000034109e-01 3.4000011544e-01 
7.4775000001e+00 2.1000000901e-01 2.1000070369e-01 2.1000034109e-01 3.4000011544e-01 
7.4775000001e+00 2.1000000901e-01 2.1000070369e-01 2.1000034109e-01 3.4000011544e-01 
7.4775000001e+00 2.1000000901e-01 2.1000070369e-01 2.1000034109e-01 3.4000011544e-01 
7.4950000001e+00 2.1000000901e-01 2.1000070369e-01 2.1000034109e-01 3.4000011544e-01 
7.5450000001e+00 2.1000000901e-01 2.1000070369e-01 2.1000034109e-01 3.4000011544e-01 
7.5477400001e+00 2.1000000901e-01 2.1000070369e-01 2.1000034109e-01 3.4000011544e-01 
7.5477400001e+00 2.1000000901e-01 2.1000070369e-01 2.1000034109e-01 3.4000011544e-01 
7.5533400001e+00 2.1000000901e-01 2.1000070369e-01 2.1000034109e-01 3.4000011544e-01 
7.5533400001e+00 2.1000000901e-01 2.1000070369e-01 2.1000034109e-01 3.4000011544e-01 
7.5589400001e+00 2.1000000901e-01 2.1000070369e-01 2.1000034109e-01 3.4000011544e-01 
7.5589400001e+00 2.1000000901e-01 2.1000070369e-01 2.1000034109e-01 3.4000011544e-01 
7.5645400001e+00 2.1000000901e-01 2.1000070369e-01 2.1000034109e-01 3.4000011544e-01 
7.5645400001e+00 2.1000000901e-01 2.1000070369e-01 2.1000034109e-01 3.4000011544e-01 
7.5645400001e+00 2.1000000901e-01 2.1000070369e-01 2.1000034109e-01 3.4000011544e-01 
7.6970400001e+00 2.1000000901e-01 2.1000070369e-01 2.1000034109e-01 3.4000011544e-01 
7.7690300001e+00 2.1000000901e-01 2.1000070369e-01 2.1000034109e-01 3.4000011544e-01 
7.7778900001e+00 2.1000000901e-01 2.1000070369e-01 2.1000034109e-01 3.4000011544e-01 
7.7778900001e+00 2.1000000901e-01 2.1000070369e-01 2.1000034109e-01 3.4000011544e-01 
7.9778900001e+00 2.1000000901e-01 2.1000070369e-01 2.1000034109e-01 3.4000011544e-01 
7.9778900001e+00 2.1000000901e-01 2.1000070369e-01 2.1000034109e-01 3.4000011544e-01 
8.0395400001e+00 2.1000000901e-01 2.1000070369e-01 2.1000034109e-01 3.4000011544e-01 
8.0800000001e+00 2.1000000901e-01 2.1000070369e-01 2.1000034109e-01 3.4000011544e-01 
8.1300000001e+00 2.1000000901e-01 2.1000070369e-01 2.1000034109e-01 3.4000011544e-01 
8.1800000001e+00 2.1000000901e-01 2.1000070369e-01 2.1000034109e-01 3.4000011544e-01 
8.1800000001e+00 2.1000000901e-01 2.1000070369e-01 2.1000034109e-01 3.4000011544e-01 
8.2300000001e+00 2.1000000901e-01 2.1000070369e-01 2.1000034109e-01 3.4000011544e-01 
8.2300000001e+00 2.1000000901e-01 2.1000070369e-01 2.1000034109e-01 3.4000011544e-01 
8.3000000001e+00 2.1000000901e-01 2.1000070369e-01 2.1000034109e-01 3.4000011544e-01 
8.4000000001e+00 2.1000000901e-01 2.1000070369e-01 2.1000034109e-01 3.4000011544e-01 
8.4350000001e+00 2.1000000901e-01 2.1000070369e-01 2.1000034109e-01 3.4000011544e-01 
8.4350000001e+00 2.1000000901e-01 2.1000070369e-01 2.1000034109e-01 3.4000011544e-01 
8.4700000001e+00 2.1000000901e-01 2.1000070369e-01 2.1000034109e-01 3.4000011544e-01 
8.4700000001e+00 2.1000000901e-01 2.1000070369e-01 2.1000034109e-01 3.4000011544e-01 
8.5200000001e+00 2.1000000901e-01 2.1000070369e-01 2.1000034109e-01 3.4000011544e-01 
8.5200000001e+00 2.1000000901e-01 2.1000070369e-01 2.1000034109e-01 3.4000011544e-01 
8.5700000001e+00 2.1000000901e-01 2.1000070369e-01 2.1000034109e-01 3.4000011544e-01 
8.5765000001e+00 2.1000000901e-01 2.1000070369e-01 2.1000034109e-01 3.4000011544e-01 
8.6525000001e+00 2.1000000901e-01 2.1000070369e-01 2.1000034109e-01 3.4000011544e-01 
8.6525000001e+00 2.1000000901e-01 2.1000070369e-01 2.1000034109e-01 3.4000011544e-01 
8.6525000001e+00 2.1000000901e-01 2.1000070369e-01 2.1000034109e-01 3.4000011544e-01 
8.6525000001e+00 2.1000000901e-01 2.1000070369e-01 2.1000034109e-01 3.4000011544e-01 
8.6748500001e+00 2.1000000901e-01 2.1000070369e-01 2.1000034109e-01 3.4000011544e-01 
8.7235000001e+00 2.1000000901e-01 2.1000070369e-01 2.1000034109e-01 3.4000011544e-01 
8.7235000001e+00 2.1000000901e-01 2.1000070369e-01 2.1000034109e-01 3.4000011544e-01 
8.7291000001e+00 2.1000000901e-01 2.1000070369e-01 2.1000034109e-01 3.4000011544e-01 
8.7291000001e+00 2.1000000901e-01 2.1000070369e-01 2.1000034109e-01 3.4000011544e-01 
8.7347000001e+00 2.1000000901e-01 2.1000070369e-01 2.1000034109e-01 3.4000011544e-01 
8.7347000001e+00 2.1000000901e-01 2.1000070369e-01 2.1000034109e-01 3.4000011544e-01 
8.7403000001e+00 2.1000000901e-01 2.1000070369e-01 2.1000034109e-01 3.4000011544e-01 
8.7403000001e+00 2.1000000901e-01 2.1000070369e-01 2.1000034109e-01 3.4000011544e-01 
8.7403000001e+00 2.1000000901e-01 2.1000070369e-01 2.1000034109e-01 3.4000011544e-01 
8.7511500001e+00 2.1000000901e-01 2.1000070369e-01 2.1000034109e-01 3.4000011544e-01 
8.7533100001e+00 2.1000000901e-01 2.1000070369e-01 2.1000034109e-01 3.4000011544e-01 
8.8533100001e+00 2.1000000901e-01 2.1000070369e-01 2.1000034109e-01 3.4000011544e-01 
8.8939000001e+00 2.1000000901e-01 2.1000070369e-01 2.1000034109e-01 3.4000011544e-01 
8.8962600001e+00 2.1000000901e-01 2.1000070369e-01 2.1000034109e-01 3.4000011544e-01 
8.8979900001e+00 2.1000000901e-01 2.1000070369e-01 2.1000034109e-01 3.4000011544e-01 
8.8998000001e+00 2.1000000901e-01 2.1000070369e-01 2.1000034109e-01 3.4000011544e-01 
8.9998000001e+00 2.1000000901e-01 2.1000070369e-01 2.1000034109e-01 3.4000011544e-01 
9.0450000001e+00 2.1000000901e-01 2.1000070369e-01 2.1000034109e-01 3.4000011544e-01 
9.0566923080e+00 2.1000000904e-01 2.1000070454e-01 2.1000034153e-01 3.4000011530e-01 
9.0683846159e+00 2.1000000889e-01 2.1000070674e-01 2.1000034255e-01 3.4000011486e-01 
9.0800769237e+00 2.1000000779e-01 2.1000071026e-01 2.1000034375e-01 3.4000011350e-01 
9.0917692316e+00 2.1000000324e-01 2.1000070081e-01 2.1000033679e-01 3.4000011335e-01 
9.1034615395e+00 2.0999999144e-01 2.1000074862e-01 2.1000035517e-01 3.4000015819e-01 
9.1151538474e+00 2.0999998836e-01 2.1000301962e-01 2.1000148923e-01 3.4000053545e-01 
9.1268461553e+00 2.1000002415e-01 2.1002007119e-01 2.1001003339e-01 3.4000076400e-01 
9.1385384632e+00 2.1000002951e-01 2.1005245352e-01 2.1002622583e-01 3.4000091427e-01 
9.1502307711e+00 2.0999996528e-01 2.1005127664e-01 2.1002560484e-01 3.4001021740e-01 
9.1619230790e+00 2.0999993991e-01 2.1003885487e-01 2.1001938180e-01 3.4002196489e-01 
9.1736153869e+00 2.0999994580e-01 2.1004461210e-01 2.1002226220e-01 3.4001690849e-01 
9.1853076948e+00 2.0999998323e-01 2.1005735254e-01 2.1002865001e-01 3.4000289719e-01 
9.1970000026e+00 2.1000000608e-01 2.1003417396e-01 2.1001707307e-01 3.4000074741e-01 
9.2086923105e+00 2.0999995442e-01 2.1000683434e-01 2.1000337767e-01 3.4000087161e-01 
9.2203846184e+00 2.0999992232e-01 2.1000140176e-01 2.1000064526e-01 3.4000034685e-01 
9.2320769263e+00 2.0999993033e-01 2.1000143887e-01 2.1000066793e-01 3.4000024729e-01 
9.2437692342e+00 2.0999993703e-01 2.1000154140e-01 2.1000072266e-01 3.4000024932e-01 
9.2554615421e+00 2.0999993911e-01 2.1000152367e-01 2.1000071490e-01 3.4000025200e-01 
9.2671538500e+00 2.0999993951e-01 2.1000149733e-01 2.1000070195e-01 3.4000025273e-01 
9.2788461579e+00 2.0999993951e-01 2.1000148287e-01 2.1000069473e-01 3.4000025284e-01 
9.2850000003e+00 2.0999994303e-01 2.1000148202e-01 2.1000069606e-01 3.4000025854e-01 
9.3050000001e+00 2.0999994303e-01 2.1000148202e-01 2.1000069606e-01 3.4000025854e-01 
9.3550000001e+00 2.0999994303e-01 2.1000148202e-01 2.1000069606e-01 3.4000025854e-01 
9.3550000001e+00 2.0999994303e-01 2.1000148202e-01 2.1000069606e-01 3.4000025854e-01 
9.4050000001e+00 2.0999994303e-01 2.1000148202e-01 2.1000069606e-01 3.4000025854e-01 
9.4050000001e+00 2.0999994303e-01 2.1000148202e-01 2.1000069606e-01 3.4000025854e-01 
9.4750000001e+00 2.0999994303e-01 2.1000148202e-01 2.1000069606e-01 3.4000025854e-01 
9.5750000001e+00 2.0999994303e-01 2.1000148202e-01 2.1000069606e-01 3.4000025854e-01 
9.5750000001e+00 2.0999994303e-01 2.1000148202e-01 2.1000069606e-01 3.4000025854e-01 
9.6100000001e+00 2.0999994303e-01 2.1000148202e-01 2.1000069606e-01 3.4000025854e-01 
9.6100000001e+00 2.0999994303e-01 2.1000148202e-01 2.1000069606e-01 3.4000025854e-01 
9.6450000001e+00 2.0999994303e-01 2.1000148202e-01 2.1000069606e-01 3.4000025854e-01 
9.6450000001e+00 2.0999994303e-01 2.1000148202e-01 2.1000069606e-01 3.4000025854e-01 
9.6950000001e+00 2.0999994303e-01 2.1000148202e-01 2.1000069606e-01 3.4000025854e-01 
9.6950000001e+00 2.0999994303e-01 2.1000148202e-01 2.1000069606e-01 3.4000025854e-01 
9.7450000001e+00 2.0999994303e-01 2.1000148202e-01 2.1000069606e-01 3.4000025854e-01 
9.7515000001e+00 2.0999994303e-01 2.1000148202e-01 2.1000069606e-01 3.4000025854e-01 
9.7515000001e+00 2.0999994303e-01 2.1000148202e-01 2.1000069606e-01 3.4000025854e-01 
9.7515000001e+00 2.0999994303e-01 2.1000148202e-01 2.1000069606e-01 3.4000025854e-01 
9.7515000001e+00 2.0999994303e-01 2.1000148202e-01 2.1000069606e-01 3.4000025854e-01 
9.7550000001e+00 2.0999994303e-01 2.1000148202e-01 2.1000069606e-01 3.4000025854e-01 
9.9450000001e+00 2.0999994303e-01 2.1000148202e-01 2.1000069606e-01 3.4000025854e-01 
9.9450000001e+00 2.0999994303e-01 2.1000148202e-01 2.1000069606e-01 3.4000025854e-01 
9.9450000001e+00 2.0999994303e-01 2.1000148202e-01 2.1000069606e-01 3.4000025854e-01 
9.9950000001e+00 2.0999994303e-01 2.1000148202e-01 2.1000069606e-01 3.4000025854e-01 
1.0095000000e+01 2.0999994303e-01 2.1000148202e-01 2.1000069606e-01 3.4000025854e-01 
1.0195000000e+01 2.0999994303e-01 2.1000148202e-01 2.1000069606e-01 3.4000025854e-01 
1.0295000000e+01 2.0999994303e-01 2.1000148202e-01 2.1000069606e-01 3.4000025854e-01 
1.0395000000e+01 2.0999994303e-01 2.1000148202e-01 2.1000069606e-01 3.4000025854e-01 
1.0495000000e+01 2.0999994303e-01 2.1000148202e-01 2.1000069606e-01 3.4000025854e-01 
1.0595000000e+01 2.0999994303e-01 2.1000148202e-01 2.1000069606e-01 3.4000025854e-01 
1.0695000000e+01 2.0999994303e-01 2.1000148202e-01 2.1000069606e-01 3.4000025854e-01 
1.0695000000e+01 2.0999994303e-01 2.1000148202e-01 2.1000069606e-01 3.4000025854e-01 
1.0871140000e+01 2.0999994303e-01 2.1000148202e-01 2.1000069606e-01 3.4000025854e-01 
1.0871140000e+01 2.0999994303e-01 2.1000148202e-01 2.1000069606e-01 3.4000025854e-01 
1.0884720247e+01 2.1003095903e-01 2.1003514762e-01 2.1000069606e-01 3.4000025854e-01 
1.0898300494e+01 2.1039638609e-01 2.1040670578e-01 2.1000069606e-01 3.4000025854e-01 
1.0911880741e+01 2.1312481281e-01 2.1314704681e-01 2.1000069607e-01 3.4000025854e-01 
1.0925460987e+01 2.3077495123e-01 2.3080392707e-01 2.1000069607e-01 3.4000025854e-01 
1.0939041234e+01 3.2026104692e-01 3.2020557243e-01 2.1000069609e-01 3.4000025854e-01 
1.0952621481e+01 5.7842639809e-01 5.7803633283e-01 2.1000069612e-01 3.4000025854e-01 
1.0966201728e+01 9.2180464290e-01 9.2073365532e-01 2.1000069619e-01 3.4000025854e-01 
1.0979781975e+01 1.1555187607e+00 1.1534637965e+00 2.1000069633e-01 3.4000025854e-01 
1.0993362222e+01 1.2759601512e+00 1.2727397960e+00 2.1000069653e-01 3.4000025854e-01 
1.1006942468e+01 1.3329824838e+00 1.3285032751e+00 2.1000069679e-01 3.4000025854e-01 
1.1020522715e+01 1.3495823171e+00 1.3438082365e+00 2.1000069707e-01 3.4000025854e-01 
1.1034102962e+01 1.3314053526e+00 1.3243467490e+00 2.1000069734e-01 3.4000025854e-01 
1.1047683209e+01 1.2729962246e+00 1.2647093617e+00 2.1000069758e-01 3.4000025854e-01 
1.1061263456e+01 1.1517123979e+00 1.1423130572e+00 2.1000069777e-01 3.4000025854e-01 
1.1074843703e+01 9.1851164332e-01 9.0823675997e-01 2.1000069786e-01 3.4000025854e-01 
1.1088423949e+01 5.7774002163e-01 5.6721712578e-01 2.1000069786e-01 3.4000025854e-01 
1.1102004196e+01 3.2217446968e-01 3.1330424058e-01 2.1000069784e-01 3.4000025854e-01 
1.1115584443e+01 2.3276117073e-01 2.2775974670e-01 2.1000069782e-01 3.4000025854e-01 
1.1129164690e+01 2.1423941291e-01 2.1210654532e-01 2.1000069782e-01 3.4000025854e-01 
1.1142744937e+01 2.1095976597e-01 2.1013545297e-01 2.1000069781e-01 3.4000025854e-01 
1.1156325183e+01 2.1034033187e-01 2.1005400532e-01 2.1000069781e-01 3.4000025854e-01 
1.1169905430e+01 2.1020350791e-01 2.1013096049e-01 2.1000069781e-01 3.4000025854e-01 
1.1171140000e+01 2.1020102929e-01 2.1013346598e-01 2.1000069781e-01 3.4000025854e-01 
1.1251740000e+01 2.1020102929e-01 2.1013346598e-01 2.1000069781e-01 3.4000025854e-01 
1.1264055271e+01 2.1020102914e-01 2.1013346584e-01 2.1000069767e-01 3.4000025830e-01 
1.1276370541e+01 2.1020102538e-01 2.1013346208e-01 2.1000069391e-01 3.4000025222e-01 
1.1288685812e+01 2.1020099861e-01 2.1013343534e-01 2.1000066717e-01 3.4000020905e-01 
1.1301001082e+01 2.1020089219e-01 2.1013332892e-01 2.1000056084e-01 3.4000003775e-01 
1.1313316353e+01 2.1020079038e-01 2.1013322693e-01 2.1000045904e-01 3.3999987354e-01 
1.1325631623e+01 2.1020080438e-01 2.1013324081e-01 2.1000047299e-01 3.3999989556e-01 
1.1337946894e+01 2.1020066133e-01 2.1013309782e-01 2.1000033009e-01 3.3999966446e-01 
1.1350262164e+01 2.1019989285e-01 2.1013232954e-01 2.0999956229e-01 3.3999842314e-01 
1.1362577435e+01 2.1019963447e-01 2.1013207111e-01 2.0999930409e-01 3.3999800388e-01 
1.1374892705e+01 2.1019971016e-01 2.1013214674e-01 2.0999937971e-01 3.3999812472e-01 
1.1387207975e+01 2.1019975690e-01 2.1013219349e-01 2.0999942644e-01 3.3999820078e-01 
1.1399523246e+01 2.1019991335e-01 2.1013235019e-01 2.0999958296e-01 3.3999845344e-01 
1.1411838516e+01 2.1019943193e-01 2.1013186928e-01 2.0999910223e-01 3.3999767765e-01 
1.1424153787e+01 2.1019808764e-01 2.1013052550e-01 2.0999775926e-01 3.3999550683e-01 
1.1436469057e+01 2.1019710771e-01 2.1012954597e-01 2.0999678033e-01 3.3999392669e-01 
1.1448784328e+01 2.1019708269e-01 2.1012952156e-01 2.0999675572e-01 3.3999388714e-01 
1.1461099598e+01 2.1019717352e-01 2.1012961284e-01 2.0999684675e-01 3.3999403413e-01 
1.1473414869e+01 2.1019717601e-01 2.1012961544e-01 2.0999684931e-01 3.3999403921e-01 
1.1485730139e+01 2.1019717311e-01 2.1012961255e-01 2.0999684642e-01 3.3999403487e-01 
1.1498045410e+01 2.1019717215e-01 2.1012961159e-01 2.0999684545e-01 3.3999403338e-01 
1.1501740000e+01 2.1019717206e-01 2.1012961150e-01 2.0999684537e-01 3.3999403325e-01 
1.1556940000e+01 2.1019717206e-01 2.1012961150e-01 2.0999684537e-01 3.3999403325e-01 
1.1570517586e+01 2.1006904979e-01 2.1035466343e-01 2.0999684537e-01 3.3999403325e-01 
1.1584095172e+01 2.1016139686e-01 2.1133192970e-01 2.0999684537e-01 3.3999403325e-01 
1.1597672758e+01 2.1302208544e-01 2.1637312594e-01 2.0999684537e-01 3.3999403325e-01 
1.1611250344e+01 2.3581450845e-01 2.4382496706e-01 2.0999684536e-01 3.3999403325e-01 
1.1624827930e+01 3.5337142458e-01 3.6696940012e-01 2.0999684535e-01 3.3999403325e-01 
1.1638405516e+01 6.7842379680e-01 6.9445427345e-01 2.0999684534e-01 3.3999403325e-01 
1.1651983102e+01 1.1023197102e+00 1.1189353054e+00 2.0999684536e-01 3.3999403325e-01 
1.1665560688e+01 1.3905353003e+00 1.4072497334e+00 2.0999684552e-01 3.3999403325e-01 
1.1679138274e+01 1.5396358654e+00 1.5561950753e+00 2.0999684582e-01 3.3999403325e-01 
1.1692715860e+01 1.6101432970e+00 1.6263150651e+00 2.0999684620e-01 3.3999403325e-01 
1.1706293447e+01 1.6299174970e+00 1.6454772126e+00 2.0999684661e-01 3.3999403325e-01 
1.1719871033e+01 1.6058293648e+00 1.6205706851e+00 2.0999684703e-01 3.3999403325e-01 
1.1733448619e+01 1.5314004033e+00 1.5451514001e+00 2.0999684742e-01 3.3999403325e-01 
1.1747026205e+01 1.3794587922e+00 1.3921051565e+00 2.0999684772e-01 3.3999403325e-01 
1.1760603791e+01 1.0910048222e+00 1.1025200238e+00 2.0999684791e-01 3.3999403325e-01 
1.1774181377e+01 6.7101040166e-01 6.8137040840e-01 2.0999684798e-01 3.3999403325e-01 
1.1787758963e+01 3.5117367540e-01 3.5957312297e-01 2.0999684800e-01 3.3999403325e-01 
1.1801336549e+01 2.3602076615e-01 2.4082835193e-01 2.0999684801e-01 3.3999403325e-01 
1.1814914135e+01 2.1335709766e-01 2.1535009639e-01 2.0999684801e-01 3.3999403325e-01 
1.1828491721e+01 2.1025600648e-01 2.1096665195e-01 2.0999684801e-01 3.3999403325e-01 
1.1842069307e+01 2.1001216220e-01 2.1021054483e-01 2.0999684801e-01 3.3999403325e-01 
1.1855646893e+01 2.1006690366e-01 2.1006830944e-01 2.0999684801e-01 3.3999403325e-01 
1.1856940000e+01 2.1006924364e-01 2.1006592837e-01 2.0999684801e-01 3.3999403325e-01 
1.1937540000e+01 2.1006924364e-01 2.1006592837e-01 2.0999684801e-01 3.3999403325e-01 
1.1949782268e+01 2.1006924306e-01 2.1006592776e-01 2.0999684742e-01 3.3999403231e-01 
1.1962024536e+01 2.1006923666e-01 2.1006592116e-01 2.0999684092e-01 3.3999402280e-01 
1.1974266804e+01 2.1006919827e-01 2.1006588226e-01 2.0999680229e-01 3.3999396860e-01 
1.1986509071e+01 2.1006906425e-01 2.1006574932e-01 2.0999666885e-01 3.3999378632e-01 
1.1998751339e+01 2.1006897869e-01 2.1006567439e-01 2.0999658863e-01 3.3999366227e-01 
1.2010993607e+01 2.1006908659e-01 2.1006579125e-01 2.0999670098e-01 3.3999382427e-01 
1.2023235875e+01 2.1006858532e-01 2.1006528916e-01 2.0999619946e-01 3.3999302404e-01 
1.2035478143e+01 2.1006697143e-01 2.1006367025e-01 2.0999458361e-01 3.3999044878e-01 
1.2047720411e+01 2.1006644160e-01 2.1006314112e-01 2.0999405431e-01 3.3998957103e-01 
1.2059962678e+01 2.1006655666e-01 2.1006325987e-01 2.0999417117e-01 3.3998973081e-01 
1.2072204946e+01 2.1006661923e-01 2.1006332707e-01 2.0999423603e-01 3.3998983663e-01 
1.2084447214e+01 2.1006683193e-01 2.1006355269e-01 2.0999445512e-01 3.3999017675e-01 
1.2096689482e+01 2.1006614812e-01 2.1006287878e-01 2.0999377649e-01 3.3998909581e-01 
1.2108931750e+01 2.1006389033e-01 2.1006062209e-01 2.0999152002e-01 3.3998547372e-01 
1.2121174018e+01 2.1006193481e-01 2.1005866919e-01 2.0998956646e-01 3.3998234931e-01 
1.2133416286e+01 2.1006161370e-01 2.1005836002e-01 2.0998925143e-01 3.3998184356e-01 
1.2145658553e+01 2.1006176550e-01 2.1005852036e-01 2.0998940745e-01 3.3998208115e-01 
1.2157900821e+01 2.1006178241e-01 2.1005853904e-01 2.0998942524e-01 3.3998211272e-01 
1.2170143089e+01 2.1006177989e-01 2.1005853671e-01 2.0998942282e-01 3.3998211060e-01 
1.2182385357e+01 2.1006177862e-01 2.1005853544e-01 2.0998942154e-01 3.3998210899e-01 
1.2187540000e+01 2.1006177842e-01 2.1005853524e-01 2.0998942134e-01 3.3998210873e-01 
1.2242740000e+01 2.1006177842e-01 2.1005853524e-01 2.0998942134e-01 3.3998210873e-01 
1.2256693488e+01 2.1005782017e-01 2.1018481151e-01 2.0998942134e-01 3.3998210873e-01 
1.2270646977e+01 2.1061828120e-01 2.1106991913e-01 2.0998942134e-01 3.3998210873e-01 
1.2284600465e+01 2.1583789043e-01 2.1708273345e-01 2.0998942134e-01 3.3998210873e-01 
1.2298553953e+01 2.5165600455e-01 2.5449329084e-01 2.0998942135e-01 3.3998210873e-01 
1.2312507442e+01 4.1827402776e-01 4.2269266133e-01 2.0998942135e-01 3.3998210873e-01 
1.2326460930e+01 8.2758832156e-01 8.3272968494e-01 2.0998942138e-01 3.3998210873e-01 
1.2340414418e+01 1.2958124140e+00 1.3015490905e+00 2.0998942149e-01 3.3998210873e-01 
1.2354367907e+01 1.5858749402e+00 1.5923254217e+00 2.0998942178e-01 3.3998210873e-01 
1.2368321395e+01 1.7313182277e+00 1.7385305932e+00 2.0998942222e-01 3.3998210873e-01 
1.2382274883e+01 1.7961756299e+00 1.8041331364e+00 2.0998942276e-01 3.3998210873e-01 
1.2396228372e+01 1.8052383728e+00 1.8138849319e+00 2.0998942332e-01 3.3998210873e-01 
1.2410181860e+01 1.7617748662e+00 1.7710278683e+00 2.0998942387e-01 3.3998210873e-01 
1.2424135348e+01 1.6515321685e+00 1.6612878584e+00 2.0998942435e-01 3.3998210873e-01 
1.2438088837e+01 1.4279582323e+00 1.4380865044e+00 2.0998942468e-01 3.3998210873e-01 
1.2452042325e+01 1.0210290710e+00 1.0313240850e+00 2.0998942483e-01 3.3998210873e-01 
1.2465995813e+01 5.4860503464e-01 5.5848439137e-01 2.0998942485e-01 3.3998210873e-01 
1.2479949302e+01 2.9069247370e-01 2.9824742136e-01 2.0998942485e-01 3.3998210873e-01 
1.2493902790e+01 2.2197271452e-01 2.2574836193e-01 2.0998942485e-01 3.3998210873e-01 
1.2507856278e+01 2.1114620319e-01 2.1262429129e-01 2.0998942485e-01 3.3998210873e-01 
1.2521809766e+01 2.0998078673e-01 2.1050123336e-01 2.0998942485e-01 3.3998210873e-01 
1.2535763255e+01 2.0998926430e-01 2.1013848612e-01 2.0998942485e-01 3.3998210873e-01 
1.2542740000e+01 2.1002225096e-01 2.1009541793e-01 2.0998942485e-01 3.3998210873e-01 
1.2623340000e+01 2.1002225096e-01 2.1009541793e-01 2.0998942485e-01 3.3998210873e-01 
1.2635840000e+01 2.1002224969e-01 2.1009541668e-01 2.0998942359e-01 3.3998210663e-01 
1.2648340000e+01 2.1002224047e-01 2.1009540751e-01 2.0998941439e-01 3.3998209119e-01 
1.2660840001e+01 2.1002219738e-01 2.1009536447e-01 2.0998937134e-01 3.3998201820e-01 
1.2673340001e+01 2.1002210241e-01 2.1009526814e-01 2.0998927582e-01 3.3998185497e-01 
1.2685840001e+01 2.1002227125e-01 2.1009543122e-01 2.0998944211e-01 3.3998213308e-01 
1.2698340001e+01 2.1002230493e-01 2.1009546194e-01 2.0998947452e-01 3.3998219117e-01 
1.2710840001e+01 2.1002081634e-01 2.1009397403e-01 2.0998798674e-01 3.3997977276e-01 
1.2723340002e+01 2.1001864533e-01 2.1009180426e-01 2.0998581700e-01 3.3997623843e-01 
1.2735840002e+01 2.1001835273e-01 2.1009151051e-01 2.0998552402e-01 3.3997578011e-01 
1.2748340002e+01 2.1001847611e-01 2.1009163228e-01 2.0998564663e-01 3.3997598990e-01 
1.2760840002e+01 2.1001856690e-01 2.1009172011e-01 2.0998573605e-01 3.3997613744e-01 
1.2773340002e+01 2.1001877425e-01 2.1009191970e-01 2.0998593980e-01 3.3997648328e-01 
1.2785840003e+01 2.1001757604e-01 2.1009071638e-01 2.0998473960e-01 3.3997452957e-01 
1.2798340003e+01 2.1001485234e-01 2.1008799105e-01 2.0998201600e-01 3.3997010269e-01 
1.2810840003e+01 2.1001282286e-01 2.1008595922e-01 2.0997998610e-01 3.3996679268e-01 
1.2823340003e+01 2.1001268771e-01 2.1008581843e-01 2.0997984845e-01 3.3996658554e-01 
1.2835840003e+01 2.1001281502e-01 2.1008594287e-01 2.0997997440e-01 3.3996680157e-01 
1.2848340003e+01 2.1001282812e-01 2.1008595539e-01 2.0997998723e-01 3.3996682256e-01 
1.2860840004e+01 2.1001282733e-01 2.1008595452e-01 2.0997998640e-01 3.3996682079e-01 
1.2873340000e+01 2.1001282657e-01 2.1008595376e-01 2.0997998564e-01 3.3996681941e-01 
1.2928540000e+01 2.1001282657e-01 2.1008595376e-01 2.0997998564e-01 3.3996681941e-01 
1.2943080817e+01 2.0997786499e-01 2.1027953444e-01 2.0997998565e-01 3.3996681941e-01 
1.2957621633e+01 2.1067894284e-01 2.1158269362e-01 2.0997998565e-01 3.3996681941e-01 
1.2972162450e+01 2.1823679742e-01 2.2067736026e-01 2.0997998565e-01 3.3996681941e-01 
1.2986703267e+01 2.7273262505e-01 2.7813084556e-01 2.0997998566e-01 3.3996681941e-01 
1.3001244083e+01 5.1103922080e-01 5.1893966428e-01 2.0997998569e-01 3.3996681941e-01 
1.3015784900e+01 1.0168476048e+00 1.0262526280e+00 2.0997998578e-01 3.3996681941e-01 
1.3030325717e+01 1.4940782069e+00 1.5052852797e+00 2.0997998601e-01 3.3996681941e-01 
1.3044866533e+01 1.7562478179e+00 1.7695832292e+00 2.0997998645e-01 3.3996681941e-01 
1.3059407350e+01 1.8815295807e+00 1.8970562063e+00 2.0997998706e-01 3.3996681941e-01 
1.3073948167e+01 1.9288668360e+00 1.9464840153e+00 2.0997998775e-01 3.3996681941e-01 
1.3088488983e+01 1.9157104616e+00 1.9352167340e+00 2.0997998844e-01 3.3996681941e-01 
1.3103029800e+01 1.8370004610e+00 1.8581216619e+00 2.0997998908e-01 3.3996681941e-01 
1.3117570617e+01 1.6586214994e+00 1.6810176558e+00 2.0997998958e-01 3.3996681941e-01 
1.3132111433e+01 1.2969298018e+00 1.3201497480e+00 2.0997998983e-01 3.3996681941e-01 
1.3146652250e+01 7.5381541980e-01 7.7697354142e-01 2.0997998983e-01 3.3996681941e-01 
1.3161193067e+01 3.5962879147e-01 3.7966443741e-01 2.0997998979e-01 3.3996681941e-01 
1.3175733883e+01 2.3214942743e-01 2.4363435993e-01 2.0997998977e-01 3.3996681941e-01 
1.3190274700e+01 2.1163031935e-01 2.1617420517e-01 2.0997998976e-01 3.3996681941e-01 
1.3204815517e+01 2.0992891786e-01 2.1145999295e-01 2.0997998976e-01 3.3996681941e-01 
1.3219356333e+01 2.1015429476e-01 2.1054739257e-01 2.0997998976e-01 3.3996681941e-01 
1.3228540000e+01 2.1028034349e-01 2.1039332915e-01 2.0997998976e-01 3.3996681941e-01 
1.3309140000e+01 2.1028034349e-01 2.1039332915e-01 2.0997998976e-01 3.3996681941e-01 
1.3322859512e+01 2.1028034050e-01 2.1039332615e-01 2.0997998677e-01 3.3996681405e-01 
1.3336579024e+01 2.1028032394e-01 2.1039330964e-01 2.0997997026e-01 3.3996678412e-01 
1.3350298537e+01 2.1028028083e-01 2.1039326783e-01 2.0997992785e-01 3.3996670165e-01 
1.3364018049e+01 2.1028049855e-01 2.1039349423e-01 2.0998014939e-01 3.3996705263e-01 
1.3377737561e+01 2.1028049495e-01 2.1039350154e-01 2.0998015101e-01 3.3996705806e-01 
1.3391457073e+01 2.1027677467e-01 2.1038978131e-01 2.0997643703e-01 3.3996101758e-01 
1.3405176585e+01 2.1027127128e-01 2.1038427493e-01 2.0997094152e-01 3.3995206811e-01 
1.3418896097e+01 2.1026990624e-01 2.1038291280e-01 2.0996958025e-01 3.3994987824e-01 
1.3432615609e+01 2.1027014217e-01 2.1038315155e-01 2.0996981712e-01 3.3995028854e-01 
1.3446335122e+01 2.1027027578e-01 2.1038328798e-01 2.0996995181e-01 3.3995050731e-01 
1.3460054634e+01 2.1027051619e-01 2.1038353434e-01 2.0997019451e-01 3.3995091053e-01 
1.3473774146e+01 2.1026808763e-01 2.1038110625e-01 2.0996777017e-01 3.3994695736e-01 
1.3487493658e+01 2.1026327063e-01 2.1037628680e-01 2.0996296011e-01 3.3993914229e-01 
1.3501213170e+01 2.1026039738e-01 2.1037341431e-01 2.0996009209e-01 3.3993447290e-01 
1.3514932682e+01 2.1026048852e-01 2.1037350837e-01 2.0996018443e-01 3.3993464993e-01 
1.3528652194e+01 2.1026058566e-01 2.1037360625e-01 2.0996028172e-01 3.3993481420e-01 
1.3542371707e+01 2.1026059403e-01 2.1037361470e-01 2.0996029012e-01 3.3993482786e-01 
1.3556091219e+01 2.1026059373e-01 2.1037361441e-01 2.0996028982e-01 3.3993482724e-01 
1.3559140000e+01 2.1026059361e-01 2.1037361429e-01 2.0996028970e-01 3.3993482704e-01 
1.3614340000e+01 2.1026059361e-01 2.1037361429e-01 2.0996028970e-01 3.3993482704e-01 
1.3630316332e+01 2.1075928956e-01 2.1014663004e-01 2.0996028970e-01 3.3993482704e-01 
1.3646292664e+01 2.1379171845e-01 2.1108398532e-01 2.0996028970e-01 3.3993482704e-01 
1.3662268996e+01 2.3576394763e-01 2.2757263227e-01 2.0996028969e-01 3.3993482704e-01 
1.3678245329e+01 3.7193781766e-01 3.5612781756e-01 2.0996028966e-01 3.3993482704e-01 
1.3694221661e+01 8.3575782008e-01 8.1755160011e-01 2.0996028961e-01 3.3993482704e-01 
1.3710197993e+01 1.4976839057e+00 1.4801622756e+00 2.0996028963e-01 3.3993482704e-01 
1.3726174325e+01 1.9135236738e+00 1.8976452210e+00 2.0996028999e-01 3.3993482704e-01 
1.3742150657e+01 2.1083785767e+00 2.0946183497e+00 2.0996029066e-01 3.3993482704e-01 
1.3758126989e+01 2.1886017399e+00 2.1772611793e+00 2.0996029149e-01 3.3993482704e-01 
1.3774103321e+01 2.1873319674e+00 2.1785966914e+00 2.0996029237e-01 3.3993482704e-01 
1.3790079653e+01 2.0971333015e+00 2.0910677632e+00 2.0996029318e-01 3.3993482704e-01 
1.3806055986e+01 1.8595748503e+00 1.8560770821e+00 2.0996029381e-01 3.3993482704e-01 
1.3822032318e+01 1.3403856547e+00 1.3390604291e+00 2.0996029416e-01 3.3993482704e-01 
1.3838008650e+01 6.6144149584e-01 6.6149776771e-01 2.0996029429e-01 3.3993482704e-01 
1.3853984982e+01 3.0487678372e-01 3.0544846623e-01 2.0996029434e-01 3.3993482704e-01 
1.3869961314e+01 2.2197193563e-01 2.2240444484e-01 2.0996029436e-01 3.3993482704e-01 
1.3885937646e+01 2.1112877655e-01 2.1136040466e-01 2.0996029437e-01 3.3993482704e-01 
1.3901913978e+01 2.1009120150e-01 2.1022619771e-01 2.0996029437e-01 3.3993482704e-01 
1.3914340000e+01 2.1004913754e-01 2.1015314811e-01 2.0996029437e-01 3.3993482704e-01 
1.3994940000e+01 2.1004913754e-01 2.1015314811e-01 2.0996029437e-01 3.3993482704e-01 
1.4009124397e+01 2.1004913414e-01 2.1015314472e-01 2.0996029098e-01 3.3993482170e-01 
1.4023308794e+01 2.1004912860e-01 2.1015313931e-01 2.0996028551e-01 3.3993481331e-01 
1.4037493190e+01 2.1004922125e-01 2.1015323330e-01 2.0996037872e-01 3.3993496266e-01 
1.4051677587e+01 2.1004970969e-01 2.1015372810e-01 2.0996086978e-01 3.3993573920e-01 
1.4065861984e+01 2.1004623763e-01 2.1015025903e-01 2.0995740135e-01 3.3993012962e-01 
1.4080046380e+01 2.1003784851e-01 2.1014186590e-01 2.0994901584e-01 3.3991656949e-01 
1.4094230777e+01 2.1003189707e-01 2.1013591271e-01 2.0994306748e-01 3.3990696009e-01 
1.4108415174e+01 2.1003163855e-01 2.1013565749e-01 2.0994281067e-01 3.3990652482e-01 
1.4122599571e+01 2.1003186332e-01 2.1013588416e-01 2.0994303618e-01 3.3990688215e-01 
1.4136783967e+01 2.1003216499e-01 2.1013618977e-01 2.0994333948e-01 3.3990736524e-01 
1.4150968364e+01 2.1003184536e-01 2.1013587663e-01 2.0994302309e-01 3.3990684541e-01 
1.4165152761e+01 2.1002789599e-01 2.1013192737e-01 2.0993907638e-01 3.3990046776e-01 
1.4179337157e+01 2.1002254903e-01 2.1012657780e-01 2.0993373171e-01 3.3989183644e-01 
1.4193521554e+01 2.1002094119e-01 2.1012497053e-01 2.0993212519e-01 3.3988923306e-01 
1.4207705951e+01 2.1002122589e-01 2.1012525671e-01 2.0993241040e-01 3.3988967736e-01 
1.4221890348e+01 2.1002128369e-01 2.1012531484e-01 2.0993246832e-01 3.3988976859e-01 
1.4236074744e+01 2.1002128880e-01 2.1012532000e-01 2.0993247345e-01 3.3988977672e-01 
1.4244940000e+01 2.1002128885e-01 2.1012532005e-01 2.0993247350e-01 3.3988977681e-01 
1.4300140000e+01 2.1002128885e-01 2.1012532005e-01 2.0993247350e-01 3.3988977681e-01 
1.4316923217e+01 2.1028161989e-01 2.1013502800e-01 2.0993247350e-01 3.3988977681e-01 
1.4333706434e+01 2.1292960152e-01 2.1199864749e-01 2.0993247350e-01 3.3988977681e-01 
1.4350489651e+01 2.3778600948e-01 2.3465601191e-01 2.0993247349e-01 3.3988977681e-01 
1.4367272868e+01 4.0503273647e-01 3.9885641404e-01 2.0993247348e-01 3.3988977681e-01 
1.4384056085e+01 9.2232227150e-01 9.1473919717e-01 2.0993247347e-01 3.3988977681e-01 
1.4400839302e+01 1.4999176358e+00 1.4913468520e+00 2.0993247356e-01 3.3988977681e-01 
1.4417622519e+01 1.7988130738e+00 1.7891717032e+00 2.0993247389e-01 3.3988977681e-01 
1.4434405736e+01 1.9282527894e+00 1.9175414927e+00 2.0993247438e-01 3.3988977681e-01 
1.4451188953e+01 1.9691083940e+00 1.9574007053e+00 2.0993247495e-01 3.3988977681e-01 
1.4467972170e+01 1.9357789674e+00 1.9231941471e+00 2.0993247550e-01 3.3988977681e-01 
1.4484755387e+01 1.7977083306e+00 1.7844025015e+00 2.0993247597e-01 3.3988977681e-01 
1.4501538604e+01 1.4421937123e+00 1.4283823631e+00 2.0993247627e-01 3.3988977681e-01 
1.4518321821e+01 8.0719152298e-01 7.9337106806e-01 2.0993247637e-01 3.3988977681e-01 
1.4535105038e+01 3.5415926784e-01 3.4259825914e-01 2.0993247639e-01 3.3988977681e-01 
1.4551888255e+01 2.3040167262e-01 2.2484211746e-01 2.0993247640e-01 3.3988977681e-01 
1.4568671472e+01 2.1255595019e-01 2.1086868906e-01 2.0993247640e-01 3.3988977681e-01 
1.4585454689e+01 2.1037895454e-01 2.1009015459e-01 2.0993247640e-01 3.3988977681e-01 
1.4600140000e+01 2.1010369041e-01 2.1021524014e-01 2.0993247640e-01 3.3988977681e-01 
1.4680740000e+01 2.1010369041e-01 2.1021524014e-01 2.0993247640e-01 3.3988977681e-01 
1.4696496304e+01 2.1010368980e-01 2.1021523953e-01 2.0993247579e-01 3.3988977583e-01 
1.4712252607e+01 2.1010371294e-01 2.1021526270e-01 2.0993249892e-01 3.3988981321e-01 
1.4728008910e+01 2.1010403048e-01 2.1021558051e-01 2.0993281624e-01 3.3989032549e-01 
1.4743765214e+01 2.1010337675e-01 2.1021492673e-01 2.0993216316e-01 3.3988926689e-01 
1.4759521517e+01 2.1009813507e-01 2.1020968233e-01 2.0992692578e-01 3.3988078947e-01 
1.4775277821e+01 2.1009327082e-01 2.1020481562e-01 2.0992206555e-01 3.3987292190e-01 
1.4791034124e+01 2.1009267026e-01 2.1020421524e-01 2.0992146571e-01 3.3987195042e-01 
1.4806790428e+01 2.1009295401e-01 2.1020449942e-01 2.0992174937e-01 3.3987240941e-01 
1.4822546731e+01 2.1009322332e-01 2.1020476938e-01 2.0992201871e-01 3.3987284552e-01 
1.4838303035e+01 2.1009310121e-01 2.1020464810e-01 2.0992189714e-01 3.3987264867e-01 
1.4854059338e+01 2.1009049915e-01 2.1020204477e-01 2.0991929726e-01 3.3986843876e-01 
1.4869815641e+01 2.1008723244e-01 2.1019877621e-01 2.0991603315e-01 3.3986315271e-01 
1.4885571945e+01 2.1008706665e-01 2.1019861052e-01 2.0991586759e-01 3.3986288622e-01 
1.4901328248e+01 2.1008725907e-01 2.1019880316e-01 2.0991605991e-01 3.3986319847e-01 
1.4917084552e+01 2.1008727937e-01 2.1019882348e-01 2.0991608020e-01 3.3986323142e-01 
1.4930740000e+01 2.1008728075e-01 2.1019882487e-01 2.0991608158e-01 3.3986323366e-01 
1.4985940000e+01 2.1008728075e-01 2.1019882487e-01 2.0991608158e-01 3.3986323366e-01 
1.5003797144e+01 2.1061102308e-01 2.1000902520e-01 2.0991608158e-01 3.3986323366e-01 
1.5021654287e+01 2.1462985040e-01 2.1171282719e-01 2.0991608158e-01 3.3986323366e-01 
1.5039511431e+01 2.5064993007e-01 2.4128080052e-01 2.0991608157e-01 3.3986323366e-01 
1.5057368575e+01 4.7933555733e-01 4.6268533053e-01 2.0991608154e-01 3.3986323366e-01 
1.5075225718e+01 1.0510146227e+00 1.0316576961e+00 2.0991608150e-01 3.3986323366e-01 
1.5093082862e+01 1.5077040578e+00 1.4862615211e+00 2.0991608159e-01 3.3986323366e-01 
1.5110940006e+01 1.7021466244e+00 1.6785184709e+00 2.0991608185e-01 3.3986323366e-01 
1.5128797149e+01 1.7731695273e+00 1.7474392974e+00 2.0991608221e-01 3.3986323366e-01 
1.5146654293e+01 1.7695479637e+00 1.7419231566e+00 2.0991608259e-01 3.3986323366e-01 
1.5164511437e+01 1.6818477292e+00 1.6526258625e+00 2.0991608294e-01 3.3986323366e-01 
1.5182368580e+01 1.4272345497e+00 1.3968462523e+00 2.0991608320e-01 3.3986323366e-01 
1.5200225724e+01 8.7259808583e-01 8.4203917386e-01 2.0991608334e-01 3.3986323366e-01 
1.5218082868e+01 3.7858221557e-01 3.5258218641e-01 2.0991608340e-01 3.3986323366e-01 
1.5235940011e+01 2.3445619501e-01 2.2218761860e-01 2.0991608342e-01 3.3986323366e-01 
1.5253797155e+01 2.1370198652e-01 2.1016169340e-01 2.0991608342e-01 3.3986323366e-01 
1.5271654299e+01 2.1091544350e-01 2.1028374977e-01 2.0991608343e-01 3.3986323366e-01 
1.5285940000e+01 2.1049597710e-01 2.1058738661e-01 2.0991608343e-01 3.3986323366e-01 
1.5366540000e+01 2.1049597710e-01 2.1058738661e-01 2.0991608343e-01 3.3986323366e-01 
1.5383206668e+01 2.1049597908e-01 2.1058738860e-01 2.0991608541e-01 3.3986323687e-01 
1.5399873335e+01 2.1049603091e-01 2.1058744045e-01 2.0991613710e-01 3.3986332049e-01 
1.5416540003e+01 2.1049650544e-01 2.1058791495e-01 2.0991661025e-01 3.3986408502e-01 
1.5433206670e+01 2.1049478286e-01 2.1058619069e-01 2.0991489202e-01 3.3986130294e-01 
1.5449873338e+01 2.1048991840e-01 2.1058132388e-01 2.0991004085e-01 3.3985345143e-01 
1.5466540005e+01 2.1048703675e-01 2.1057844127e-01 2.0990716733e-01 3.3984880382e-01 
1.5483206673e+01 2.1048740270e-01 2.1057880739e-01 2.0990753236e-01 3.3984939230e-01 
1.5499873340e+01 2.1048756564e-01 2.1057897016e-01 2.0990769478e-01 3.3984965497e-01 
1.5516540008e+01 2.1048799138e-01 2.1057939474e-01 2.0990811883e-01 3.3985034016e-01 
1.5533206675e+01 2.1048695701e-01 2.1057835903e-01 2.0990708695e-01 3.3984867284e-01 
1.5549873343e+01 2.1048420765e-01 2.1057560904e-01 2.0990434542e-01 3.3984424122e-01 
1.5566540011e+01 2.1048319258e-01 2.1057459467e-01 2.0990333367e-01 3.3984260287e-01 
1.5583206678e+01 2.1048352368e-01 2.1057492606e-01 2.0990366394e-01 3.3984313128e-01 
1.5599873346e+01 2.1048356634e-01 2.1057496872e-01 2.0990370647e-01 3.3984319940e-01 
1.5616540000e+01 2.1048356074e-01 2.1057496312e-01 2.0990370089e-01 3.3984319031e-01 
1.5671740000e+01 2.1048356074e-01 2.1057496312e-01 2.0990370089e-01 3.3984319031e-01 
1.5691476841e+01 2.1191011567e-01 2.1007952333e-01 2.0990370089e-01 3.3984319031e-01 
1.5711213683e+01 2.2466217699e-01 2.1611628879e-01 2.0990370089e-01 3.3984319031e-01 
1.5730950524e+01 3.4524213136e-01 3.2252217426e-01 2.0990370087e-01 3.3984319031e-01 
1.5750687365e+01 9.2727766077e-01 8.9794421647e-01 2.0990370081e-01 3.3984319031e-01 
1.5770424207e+01 1.7939991243e+00 1.7618143377e+00 2.0990370094e-01 3.3984319031e-01 
1.5790161048e+01 2.2071332587e+00 2.1718332153e+00 2.0990370181e-01 3.3984319031e-01 
1.5809897889e+01 2.3354703451e+00 2.2972592496e+00 2.0990370320e-01 3.3984319031e-01 
1.5829634731e+01 2.3237383004e+00 2.2831640911e+00 2.0990370476e-01 3.3984319031e-01 
1.5849371572e+01 2.1781117022e+00 2.1358836500e+00 2.0990370619e-01 3.3984319031e-01 
1.5869108413e+01 1.7768273691e+00 1.7337752827e+00 2.0990370719e-01 3.3984319031e-01 
1.5888845255e+01 9.4655153921e-01 9.0412543187e-01 2.0990370755e-01 3.3984319031e-01 
1.5908582096e+01 3.5538253592e-01 3.2156253268e-01 2.0990370763e-01 3.3984319031e-01 
1.5928318937e+01 2.2789969323e-01 2.1529288049e-01 2.0990370765e-01 3.3984319031e-01 
1.5948055779e+01 2.1350117922e-01 2.1086068147e-01 2.0990370766e-01 3.3984319031e-01 
1.5967792620e+01 2.1169775876e-01 2.1175956164e-01 2.0990370766e-01 3.3984319031e-01 
1.5971740000e+01 2.1162831410e-01 2.1182803956e-01 2.0990370766e-01 3.3984319031e-01 
1.6052340000e+01 2.1162831410e-01 2.1182803956e-01 2.0990370766e-01 3.3984319031e-01 
1.6069445263e+01 2.1162831698e-01 2.1182804241e-01 2.0990371050e-01 3.3984319484e-01 
1.6086550526e+01 2.1162838028e-01 2.1182810528e-01 2.0990377303e-01 3.3984329385e-01 
1.6103655788e+01 2.1162891367e-01 2.1182863563e-01 2.0990430029e-01 3.3984412465e-01 
1.6120761051e+01 2.1162716093e-01 2.1182687672e-01 2.0990255955e-01 3.3984131619e-01 
1.6137866314e+01 2.1162320813e-01 2.1182291990e-01 2.0989863881e-01 3.3983499315e-01 
1.6154971576e+01 2.1162116403e-01 2.1182087076e-01 2.0989660978e-01 3.3983173107e-01 
1.6172076839e+01 2.1162165499e-01 2.1182135781e-01 2.0989709452e-01 3.3983249392e-01 
1.6189182102e+01 2.1162176619e-01 2.1182146574e-01 2.0989720310e-01 3.3983266990e-01 
1.6206287365e+01 2.1162218272e-01 2.1182187251e-01 2.0989761110e-01 3.3983332498e-01 
1.6223392627e+01 2.1162157465e-01 2.1182126143e-01 2.0989700674e-01 3.3983235572e-01 
1.6240497890e+01 2.1161977083e-01 2.1181946006e-01 2.0989521970e-01 3.3982948767e-01 
1.6257603153e+01 2.1161967020e-01 2.1181936296e-01 2.0989512172e-01 3.3982931027e-01 
1.6274708416e+01 2.1161985544e-01 2.1181954851e-01 2.0989530551e-01 3.3982959686e-01 
1.6291813678e+01 2.1161987571e-01 2.1181956876e-01 2.0989532560e-01 3.3982962832e-01 
1.6302340000e+01 2.1161987721e-01 2.1181957026e-01 2.0989532709e-01 3.3982963065e-01 
1.6357540000e+01 2.1161987721e-01 2.1181957026e-01 2.0989532709e-01 3.3982963065e-01 
1.6527352000e+01 2.1161987721e-01 2.1181957026e-01 2.0989532709e-01 3.3982963065e-01 
1.6623008000e+01 2.1161987721e-01 2.1181957026e-01 2.0989532709e-01 3.3982963065e-01 
1.6668008000e+01 2.1161987721e-01 2.1181957026e-01 2.0989532709e-01 3.3982963065e-01 
1.6713008000e+01 2.1161987721e-01 2.1181957026e-01 2.0989532709e-01 3.3982963065e-01 
1.6798008000e+01 2.1161987721e-01 2.1181957026e-01 2.0989532709e-01 3.3982963065e-01 
1.6873008000e+01 2.1161987721e-01 2.1181957026e-01 2.0989532709e-01 3.3982963065e-01 
1.7073008000e+01 2.1161987721e-01 2.1181957026e-01 2.0989532709e-01 3.3982963065e-01 
1.7108008000e+01 2.1161987721e-01 2.1181957026e-01 2.0989532709e-01 3.3982963065e-01 
1.7224508000e+01 2.1161987721e-01 2.1181957026e-01 2.0989532709e-01 3.3982963065e-01 
1.7224508000e+01 2.1161987721e-01 2.1181957026e-01 2.0989532709e-01 3.3982963065e-01 
1.7224508000e+01 2.1161987721e-01 2.1181957026e-01 2.0989532709e-01 3.3982963065e-01 
1.7239508000e+01 2.1161987721e-01 2.1181957026e-01 2.0989532709e-01 3.3982963065e-01 
1.7299508000e+01 2.1161987721e-01 2.1181957026e-01 2.0989532709e-01 3.3982963065e-01 
