charge -1 -1 1.000000000000
linac 1 2.12267 162.5 100 1.001089533812 162.5 0 -0 0
current 5
i99_type 9900
beam_import -0 100000 0 0
picnic_2d 5 0.015 0.064 20 40 0 0 2
stop_lost 1
init_aper 1.6
chopper 84 86 0 0 0 0.8 0 0
chopper 132 134 0 0 0 0.8 0 0
trans_ele  1 1 25 203 1.6 0 1 2 0.000000 0.000000
trans_ele  2 1 5 41 1.5 0 1 2 0.000000 0.000000
trans_ele  3 7 1.5 1.5 1 0 1 2 0 0
trans_ele  4 3 1220 10 1.5 0 1 2 0 0 0 0 0 0 0 0 0 0 0 0 0 0 0 0 0 0 0 0 0 0 0
trans_ele  5 7 1.5 1.5 1 0 1 2 0 0
trans_ele  6 1 3.5 29 1.5 0 1 2 0.000000 0.000000
trans_ele  7 1 1e-09 1 1.48 0 1 2 0.000000 0.000000
trans_ele  8 1 3.5 29 1.5 0 1 2 0.000000 0.000000
trans_ele  9 7 1.5 1.5 1 0 1 2 0 0
trans_ele 10 3 -1088 10 1.5 0 1 2 0 0 0 0 0 0 0 0 0 0 0 0 0 0 0 0 0 0 0 0 0 0 0
trans_ele 11 7 1.5 1.5 1 0 1 2 0 0
trans_ele 12 1 5 41 1.5 0 1 2 0.000000 0.000000
trans_ele 13 1 0.9 8 1.5 0 1 2 0.000000 0.000000
trans_ele 14 1 7.6 62 1.5 0 1 2 0.000000 0.000000
trans_ele 15 12 -0 -0 0 0 1 2
trans_ele 16 1 6.28 52 1.5 0 1 2 0.000000 0.000000
trans_ele 17 7 0.98 1 0 0 1 2 0 0
trans_ele 18 1 0.56 6 1.5 0 1 2 0.000000 0.000000
trans_ele 19 7 0.98 0.98 0 0 1 2 0 0
trans_ele 20 1 0.56 6 1.5 0 1 2 0.000000 0.000000
trans_ele 21 7 1.45 1.45 0 0 1 2 0 0
trans_ele 22 1 0.56 6 1.5 0 1 2 0.000000 0.000000
trans_ele 23 7 1.45 1.45 0 0 1 2 0 0
trans_ele 24 1 1e-21 1 1.5 0 1 2 0.000000 0.000000
trans_ele 25 1 4.4 37 1.5 0 1 2 0.000000 0.000000
trans_ele 26 1 2 17 1.5 0 1 2 0.000000 0.000000
trans_ele 27 1 3 25 1.5 0 1 2 0.000000 0.000000
trans_ele 28 28 7700 24 0 390 0.065 0.065 1 10.8077 2 1 196 0 0 1 2 0 0 0 0 0 0 0 0 1 1 0 0 0 0 0 1 0 0 0 0 0 0 0 0 0 0 0 0 0 0 0 0 0 0 0
trans_ele 29 1 3 25 1.5 0 1 2 0.000000 0.000000
trans_ele 30 1 0.14 2 1.5 0 1 2 0.000000 0.000000
trans_ele 31 1 5 41 1.5 0 1 2 0.000000 0.000000
trans_ele 32 7 1.5 1.5 1 0 1 2 0 0
trans_ele 33 3 775 10 1.5 0 1 2 0 0 0 0 0 0 0 0 0 0 0 0 0 0 0 0 0 0 0 0 0 0 0
trans_ele 34 7 1.5 1.5 1 0 1 2 0 0
trans_ele 35 1 3.5 29 1.5 0 1 2 0.000000 0.000000
trans_ele 36 1 1e-09 1 1.48 0 1 2 0.000000 0.000000
trans_ele 37 1 3.5 29 1.5 0 1 2 0.000000 0.000000
trans_ele 38 7 1.5 1.5 1 0 1 2 0 0
trans_ele 39 3 -605 10 1.5 0 1 2 0 0 0 0 0 0 0 0 0 0 0 0 0 0 0 0 0 0 0 0 0 0 0
trans_ele 40 7 1.5 1.5 1 0 1 2 0 0
trans_ele 41 1 5 41 1.5 0 1 2 0.000000 0.000000
trans_ele 42 1 0.9 8 1.5 0 1 2 0.000000 0.000000
trans_ele 43 1 7.6 62 1.5 0 1 2 0.000000 0.000000
trans_ele 44 12 -0 -0 0 0 1 2
trans_ele 45 1 10 82 1.5 0 1 2 0.000000 0.000000
trans_ele 46 1 35 284 2.5 0 1 2 0.000000 0.000000
trans_ele 47 1 2.5 21 1.5 0 1 2 0.000000 0.000000
trans_ele 48 1 2.5 21 1.5 0 1 2 0.000000 0.000000
trans_ele 49 1 3.77 31 1.5 0 1 2 0.000000 0.000000
trans_ele 50 7 1.5 1.5 0 0 1 2 0 0
trans_ele 51 1 0.56 6 1.5 0 1 2 0.000000 0.000000
trans_ele 52 7 1.5 1.5 0 0 1 2 0 0
trans_ele 53 1 0.56 6 1.5 0 1 2 0.000000 0.000000
trans_ele 54 7 1.5 1.5 0 0 1 2 0 0
trans_ele 55 1 0.56 6 1.5 0 1 2 0.000000 0.000000
trans_ele 56 7 1.5 1.5 0 0 1 2 0 0
trans_ele 57 1 1e-21 1 1.5 0 1 2 0.000000 0.000000
trans_ele 58 1 4.55 38 1.5 0 1 2 0.000000 0.000000
trans_ele 59 1 5 41 1.5 0 1 2 0.000000 0.000000
trans_ele 60 1 5 41 1.5 0 1 2 0.000000 0.000000
trans_ele 61 7 1.5 1.5 1 0 1 2 0 0
trans_ele 62 3 1070 5 1.5 0 1 2 0 0 0 0 0 0 0 0 0 0 0 0 0 0 0 0 0 0 0 0 0 0 0
trans_ele 63 7 1.5 1.5 1 0 1 2 0 0
trans_ele 64 1 7 58 1.5 0 1 2 0.000000 0.000000
trans_ele 65 7 1.5 1.5 1 0 1 2 0 0
trans_ele 66 3 -982 10 1.5 0 1 2 0 0 0 0 0 0 0 0 0 0 0 0 0 0 0 0 0 0 0 0 0 0 0
trans_ele 67 7 1.5 1.5 1 0 1 2 0 0
trans_ele 68 1 3.5 29 1.5 0 1 2 0.000000 0.000000
trans_ele 69 1 1e-09 1 1.48 0 1 2 0.000000 0.000000
trans_ele 70 1 3.5 29 1.5 0 1 2 0.000000 0.000000
trans_ele 71 7 1.5 1.5 1 0 1 2 0 0
trans_ele 72 3 1070 5 1.5 0 1 2 0 0 0 0 0 0 0 0 0 0 0 0 0 0 0 0 0 0 0 0 0 0 0
trans_ele 73 7 1.5 1.5 1 0 1 2 0 0
trans_ele 74 1 5 41 1.5 0 1 2 0.000000 0.000000
trans_ele 75 1 0.65 6 1.5 0 1 2 0.000000 0.000000
trans_ele 76 1 1e-11 1 1.5 0 1 2 0.000000 0.000000
trans_ele 77 1 7.6 62 1.5 0 1 2 0.000000 0.000000
trans_ele 78 12 -400 -0 0 0 1 2
trans_ele 79 1 2.4 20 1.5 0 1 2 0.000000 0.000000
trans_ele 80 1 2.5 21 1.5 0 1 2 0.000000 0.000000
trans_ele 81 1 1.86 16 1.5 0 1 2 0.000000 0.000000
trans_ele 82 7 2 0.646 0 0 1 2 0 0
trans_ele 83 1 1e-11 1 1.5 0 1 2 0.000000 0.000000
trans_ele 84 1 25 203 1.5 0 1 2 0.000000 0.000000
trans_ele 85 1 25 203 1.5 0 1 2 0.000000 0.000000
trans_ele 86 7 2 0.646 0 0 1 2 0 0
trans_ele 87 1 5 41 1.5 0 1 2 0.000000 0.000000
trans_ele 88 1 3.49 29 1.5 0 1 2 0.000000 0.000000
trans_ele 89 1 5 41 1.5 0 1 2 0.000000 0.000000
trans_ele 90 7 1.5 1.5 1 0 1 2 0 0
trans_ele 91 3 1290 5 1.5 0 1 2 0 0 0 0 0 0 0 0 0 0 0 0 0 0 0 0 0 0 0 0 0 0 0
trans_ele 92 7 1.5 1.5 1 0 1 2 0 0
trans_ele 93 1 7 58 1.5 0 1 2 0.000000 0.000000
trans_ele 94 3 -1160 10 1.5 0 1 2 0 0 0 0 0 0 0 0 0 0 0 0 0 0 0 0 0 0 0 0 0 0 0
trans_ele 95 1 3.5 29 1.5 0 1 2 0.000000 0.000000
trans_ele 96 1 1e-09 1 1.48 0 1 2 0.000000 0.000000
trans_ele 97 1 3.5 29 1.5 0 1 2 0.000000 0.000000
trans_ele 98 7 1.5 1.5 1 0 1 2 0 0
trans_ele 99 3 1290 5 1.5 0 1 2 0 0 0 0 0 0 0 0 0 0 0 0 0 0 0 0 0 0 0 0 0 0 0
trans_ele 100 7 1.5 1.5 1 0 1 2 0 0
trans_ele 101 1 5 41 1.5 0 1 2 0.000000 0.000000
trans_ele 102 7 1.5 1.5 1 0 1 2 0 0
trans_ele 103 1 0.65 6 1.5 0 1 2 0.000000 0.000000
trans_ele 104 1 7.6 62 1.5 0 1 2 0.000000 0.000000
trans_ele 105 12 -230 -0 0 0 1 2
trans_ele 106 1 0.04 1 1.5 0 1 2 0.000000 0.000000
trans_ele 107 28 7700 24 0 390 0.05 0.05 1 10.876 2 1 196 0 0 1 2 0 0 0 0 0 0 0 0 1 1 0 0 0 0 0 1 0 0 0 0 0 0 0 0 0 0 0 0 0 0 0 0 0 0 0
trans_ele 108 1 2 17 1.5 0 1 2 0.000000 0.000000
trans_ele 109 1 33 268 1.5 0 1 2 0.000000 0.000000
trans_ele 110 1 6.18 51 1.5 0 1 2 0.000000 0.000000
trans_ele 111 1 5 41 1.5 0 1 2 0.000000 0.000000
trans_ele 112 7 1.5 1.5 1 0 1 2 0 0
trans_ele 113 3 1330 5 1.5 0 1 2 0 0 0 0 0 0 0 0 0 0 0 0 0 0 0 0 0 0 0 0 0 0 0
trans_ele 114 7 1.5 1.5 1 0 1 2 0 0
trans_ele 115 1 7 58 1.5 0 1 2 0.000000 0.000000
trans_ele 116 3 -1160 10 1.5 0 1 2 0 0 0 0 0 0 0 0 0 0 0 0 0 0 0 0 0 0 0 0 0 0 0
trans_ele 117 1 3.5 29 1.5 0 1 2 0.000000 0.000000
trans_ele 118 1 1e-09 1 1.48 0 1 2 0.000000 0.000000
trans_ele 119 1 3.5 29 1.5 0 1 2 0.000000 0.000000
trans_ele 120 7 1.5 1.5 1 0 1 2 0 0
trans_ele 121 3 1330 5 1.5 0 1 2 0 0 0 0 0 0 0 0 0 0 0 0 0 0 0 0 0 0 0 0 0 0 0
trans_ele 122 7 1.5 1.5 1 0 1 2 0 0
trans_ele 123 1 5 41 1.5 0 1 2 0.000000 0.000000
trans_ele 124 1 0.65 6 1.5 0 1 2 0.000000 0.000000
trans_ele 125 12 -0 -0 0 0 1 2
trans_ele 126 7 1.5 1.5 1 0 1 2 0 0
trans_ele 127 7 1.5 1.5 1 0 1 2 0 0
trans_ele 128 1 7.6 62 1.5 0 1 2 0.000000 0.000000
trans_ele 129 12 410 -0 0 0 1 2
trans_ele 130 1 7.28 60 1.5 0 1 2 0.000000 0.000000
trans_ele 131 7 2 0.646 0 0 1 2 0 0
trans_ele 132 1 25 203 1.5 0 1 2 0.000000 0.000000
trans_ele 133 1 25 203 1.5 0 1 2 0.000000 0.000000
trans_ele 134 7 2 0.646 0 0 1 2 0 0
trans_ele 135 1 5 41 1.5 0 1 2 0.000000 0.000000
trans_ele 136 1 2.5 21 1.5 0 1 2 0.000000 0.000000
trans_ele 137 1 1e-21 1 1.5 0 1 2 0.000000 0.000000
trans_ele 138 1 0.47 5 1.5 0 1 2 0.000000 0.000000
trans_ele 139 1 5 41 1.5 0 1 2 0.000000 0.000000
trans_ele 140 7 1.5 1.5 1 0 1 2 0 0
trans_ele 141 3 1270 5 1.5 0 1 2 0 0 0 0 0 0 0 0 0 0 0 0 0 0 0 0 0 0 0 0 0 0 0
trans_ele 142 7 1.5 1.5 1 0 1 2 0 0
trans_ele 143 1 7 58 1.5 0 1 2 0.000000 0.000000
trans_ele 144 3 -1109 10 1.5 0 1 2 0 0 0 0 0 0 0 0 0 0 0 0 0 0 0 0 0 0 0 0 0 0 0
trans_ele 145 1 3.5 29 1.5 0 1 2 0.000000 0.000000
trans_ele 146 1 1e-09 1 1.48 0 1 2 0.000000 0.000000
trans_ele 147 1 3.5 29 1.5 0 1 2 0.000000 0.000000
trans_ele 148 7 1.5 1.5 1 0 1 2 0 0
trans_ele 149 3 1270 5 1.5 0 1 2 0 0 0 0 0 0 0 0 0 0 0 0 0 0 0 0 0 0 0 0 0 0 0
trans_ele 150 7 1.5 1.5 1 0 1 2 0 0
trans_ele 151 1 5 41 1.5 0 1 2 0.000000 0.000000
trans_ele 152 1 0.65 6 1.5 0 1 2 0.000000 0.000000
trans_ele 153 1 7.6 62 1.5 0 1 2 0.000000 0.000000
trans_ele 154 7 1.5 1.5 1 0 1 2 0 0
trans_ele 155 12 -244 -0 0 0 1 2
trans_ele 156 7 1.5 1.5 1 0 1 2 0 0
trans_ele 157 1 1e-11 1 1.5 0 1 2 0.000000 0.000000
trans_ele 158 1 10 82 1.5 0 1 2 0.000000 0.000000
trans_ele 159 1 9.643 79 1.5 0 1 2 0.000000 0.000000
trans_ele 160 1 0.076 2 1.5 0 1 2 0.000000 0.000000
trans_ele 161 1 2.853 24 1.5 0 1 2 0.000000 0.000000
trans_ele 162 1 10 82 1.5 0 1 2 0.000000 0.000000
trans_ele 163 1 10 82 1.5 0 1 2 0.000000 0.000000
trans_ele 164 1 10 82 1.5 0 1 2 0.000000 0.000000
trans_ele 165 1 1.482 13 1.5 0 1 2 0.000000 0.000000
trans_ele 166 7 1.5 1.5 0 0 1 2 0 0
trans_ele 167 1 0.56 6 1.5 0 1 2 0.000000 0.000000
trans_ele 168 7 1.5 1.5 0 0 1 2 0 0
trans_ele 169 1 0.56 6 1.5 0 1 2 0.000000 0.000000
trans_ele 170 7 1.5 1.5 0 0 1 2 0 0
trans_ele 171 1 0.56 6 1.5 0 1 2 0.000000 0.000000
trans_ele 172 7 1.5 1.5 0 0 1 2 0 0
trans_ele 173 1 1e-21 1 1.5 0 1 2 0.000000 0.000000
trans_ele 174 1 4.546 38 1.5 0 1 2 0.000000 0.000000
trans_ele 175 1 5 41 1.5 0 1 2 0.000000 0.000000
trans_ele 176 1 5 41 1.5 0 1 2 0.000000 0.000000
trans_ele 177 7 1.5 1.5 1 0 1 2 0 0
trans_ele 178 3 1388 5 1.5 0 1 2 0 0 0 0 0 0 0 0 0 0 0 0 0 0 0 0 0 0 0 0 0 0 0
trans_ele 179 7 1.5 1.5 1 0 1 2 0 0
trans_ele 180 1 7 58 1.5 0 1 2 0.000000 0.000000
trans_ele 181 3 -1224 10 1.5 0 1 2 0 0 0 0 0 0 0 0 0 0 0 0 0 0 0 0 0 0 0 0 0 0 0
trans_ele 182 1 3.5 29 1.5 0 1 2 0.000000 0.000000
trans_ele 183 1 1e-09 1 1.48 0 1 2 0.000000 0.000000
trans_ele 184 1 3.5 29 1.5 0 1 2 0.000000 0.000000
trans_ele 185 7 1.5 1.5 1 0 1 2 0 0
trans_ele 186 3 1388 5 1.5 0 1 2 0 0 0 0 0 0 0 0 0 0 0 0 0 0 0 0 0 0 0 0 0 0 0
trans_ele 187 7 1.5 1.5 1 0 1 2 0 0
trans_ele 188 1 5 41 1.5 0 1 2 0.000000 0.000000
trans_ele 189 1 0.65 6 1.5 0 1 2 0.000000 0.000000
trans_ele 190 1 7.6 62 1.5 0 1 2 0.000000 0.000000
trans_ele 191 12 920 -0 0 0 1 2
trans_ele 192 7 1.5 1.5 1 0 1 2 0 0
trans_ele 193 7 1.5 1.5 1 0 1 2 0 0
trans_ele 194 1 1.75 15 1.5 0 1 2 0.000000 0.000000
trans_ele 195 1 5 41 1.5 0 1 2 0.000000 0.000000
trans_ele 196 1 0.274 3 1.5 0 1 2 0.000000 0.000000
trans_ele 197 7 1.5 1.5 0 0 1 2 0 0
trans_ele 198 1 0.56 6 1.5 0 1 2 0.000000 0.000000
trans_ele 199 7 1.5 1.5 0 0 1 2 0 0
trans_ele 200 1 0.56 6 1.5 0 1 2 0.000000 0.000000
trans_ele 201 7 1.5 1.5 0 0 1 2 0 0
trans_ele 202 1 0.56 6 1.5 0 1 2 0.000000 0.000000
trans_ele 203 7 1.5 1.5 0 0 1 2 0 0
trans_ele 204 1 1e-21 1 1.5 0 1 2 0.000000 0.000000
trans_ele 205 1 13.25 108 1.5 0 1 2 0.000000 0.000000
trans_ele 206 1 7.199 59 1.5 0 1 2 0.000000 0.000000
trans_ele 207 1 0.886 8 1.5 0 1 2 0.000000 0.000000
trans_ele 208 7 0.5 0.5 1 0 1 2 0 0
trans_ele 209 1 20 163 2.5 0 1 2 0.000000 0.000000
trans_ele 210 7 0.5 0.5 1 0 1 2 0 0
trans_ele 211 1 6.165 51 1.5 0 1 2 0.000000 0.000000
trans_ele 212 1 4.046 34 1.5 0 1 2 0.000000 0.000000
trans_ele 213 1 5 41 1.5 0 1 2 0.000000 0.000000
trans_ele 214 1 5 41 1.5 0 1 2 0.000000 0.000000
trans_ele 215 7 1.5 1.5 1 0 1 2 0 0
trans_ele 216 3 1340 5 1.5 0 1 2 0 0 0 0 0 0 0 0 0 0 0 0 0 0 0 0 0 0 0 0 0 0 0
trans_ele 217 7 1.5 1.5 1 0 1 2 0 0
trans_ele 218 1 7 58 1.5 0 1 2 0.000000 0.000000
trans_ele 219 3 -1200 10 1.5 0 1 2 0 0 0 0 0 0 0 0 0 0 0 0 0 0 0 0 0 0 0 0 0 0 0
trans_ele 220 1 3.5 29 1.5 0 1 2 0.000000 0.000000
trans_ele 221 1 1e-09 1 1.48 0 1 2 0.000000 0.000000
trans_ele 222 1 3.5 29 1.5 0 1 2 0.000000 0.000000
trans_ele 223 7 1.5 1.5 1 0 1 2 0 0
trans_ele 224 3 1340 5 1.5 0 1 2 0 0 0 0 0 0 0 0 0 0 0 0 0 0 0 0 0 0 0 0 0 0 0
trans_ele 225 7 1.5 1.5 1 0 1 2 0 0
trans_ele 226 1 5 41 1.5 0 1 2 0.000000 0.000000
trans_ele 227 1 0.65 6 1.5 0 1 2 0.000000 0.000000
trans_ele 228 1 7.6 62 1.5 0 1 2 0.000000 0.000000
trans_ele 229 12 -20 -0 0 0 1 2
trans_ele 230 7 1.5 1.5 1 0 1 2 0 0
trans_ele 231 7 1.5 1.5 1 0 1 2 0 0
trans_ele 232 1 2.235 19 1.5 0 1 2 0.000000 0.000000
trans_ele 233 1 4.865 40 1.5 0 1 2 0.000000 0.000000
trans_ele 234 7 1.5 1.5 0 0 1 2 0 0
trans_ele 235 1 0.56 6 1.5 0 1 2 0.000000 0.000000
trans_ele 236 7 1.5 1.5 0 0 1 2 0 0
trans_ele 237 1 0.56 6 1.5 0 1 2 0.000000 0.000000
trans_ele 238 7 1.5 1.5 0 0 1 2 0 0
trans_ele 239 1 0.56 6 1.5 0 1 2 0.000000 0.000000
trans_ele 240 7 1.5 1.5 0 0 1 2 0 0
trans_ele 241 1 1e-21 1 1.5 0 1 2 0.000000 0.000000
trans_ele 242 1 1.085 10 1.5 0 1 2 0.000000 0.000000
trans_ele 243 1 0.216 3 1.5 0 1 2 0.000000 0.000000
trans_ele 244 1 10 82 1.5 0 1 2 0.000000 0.000000
trans_ele 245 1 4.059 34 1.5 0 1 2 0.000000 0.000000
trans_ele 246 1 0.236 3 1.5 0 1 2 0.000000 0.000000
trans_ele 247 1 0.173 2 1.5 0 1 2 0.000000 0.000000
trans_ele 248 1 0.181 2 1.5 0 1 2 0.000000 0.000000
trans_ele 249 1 10 82 1.5 0 1 2 0.000000 0.000000
trans_ele 250 1 4.52 38 1.5 0 1 2 0.000000 0.000000
trans_ele 251 28 7700 24 0 390 0.069 0.069 1 10.7885 2 1 196 0 0 1 2 0 0 0 0 0 0 0 0 1 1 0 0 0 0 0 1 0 0 0 0 0 0 0 0 0 0 0 0 0 0 0 0 0 0 0
trans_ele 252 1 2 17 1.5 0 1 2 0.000000 0.000000
trans_ele 253 1 5 41 1.5 0 1 2 0.000000 0.000000
trans_ele 254 7 1.5 1.5 1 0 1 2 0 0
trans_ele 255 3 1275 5 1.5 0 1 2 0 0 0 0 0 0 0 0 0 0 0 0 0 0 0 0 0 0 0 0 0 0 0
trans_ele 256 7 1.5 1.5 1 0 1 2 0 0
trans_ele 257 1 7 58 1.5 0 1 2 0.000000 0.000000
trans_ele 258 3 -1155 10 1.5 0 1 2 0 0 0 0 0 0 0 0 0 0 0 0 0 0 0 0 0 0 0 0 0 0 0
trans_ele 259 7 1.5 1.5 1 0 1 2 0 0
trans_ele 260 1 3.5 29 1.5 0 1 2 0.000000 0.000000
trans_ele 261 1 1e-09 1 1.4 0 1 2 0.000000 0.000000
trans_ele 262 1 3.5 29 1.5 0 1 2 0.000000 0.000000
trans_ele 263 7 1.5 1.5 1 0 1 2 0 0
trans_ele 264 3 1275 5 1.5 0 1 2 0 0 0 0 0 0 0 0 0 0 0 0 0 0 0 0 0 0 0 0 0 0 0
trans_ele 265 7 1.5 1.5 1 0 1 2 0 0
trans_ele 266 1 5 41 1.5 0 1 2 0.000000 0.000000
trans_ele 267 1 0.65 6 1.5 0 1 2 0.000000 0.000000
trans_ele 268 7 1.5 1.5 1 0 1 2 0 0
trans_ele 269 12 -17 -0 0 0 1 2
trans_ele 270 7 1.5 1.5 1 0 1 2 0 0
trans_ele 271 1 0.35 4 1.5 0 1 2 0.000000 0.000000
trans_ele 272 1 19 154 1.5 0 1 2 0.000000 0.000000
trans_ele 273 1 1e-21 1 1.5 0 1 2 0.000000 0.000000
trans_ele 274 1 1e-21 1 1.5 0 1 2 0.000000 0.000000
trans_ele 275 1 5 41 1.5 0 1 2 0.000000 0.000000
trans_ele 276 1 10 82 1.5 0 1 2 0.000000 0.000000
trans_ele 277 1 10 82 1.5 0 1 2 0.000000 0.000000
trans_ele 278 1 10 82 1.5 0 1 2 0.000000 0.000000
trans_ele 279 1 10 82 1.5 0 1 2 0.000000 0.000000
trans_ele 280 1 10 82 1.5 0 1 2 0.000000 0.000000
trans_ele 281 1 10 82 1.5 0 1 2 0.000000 0.000000
trans_ele 282 1 10 82 1.5 0 1 2 0.000000 0.000000
trans_ele 283 1 1e-11 1 1.5 0 1 2 0.000000 0.000000
trans_ele 284 1 17.614 143 1 0 1 2 0.000000 0.000000
trans_ele 285 1 1e-10 1 1.4 1 1 2 0.000000 0.000000
trans_ele 286 28 10 30 0 486 1.6 0 1 0 1.6 2 244 0 0 1 2 0 0 0 0 0 0 0 0 1 1 0 0 0 0 1 0 0 0 0 0 0 0 0 0 0 0 0 0 0 0 0 0 0 0 0
trans_ele 287 1 8.06 66 1.6 0 1 2 0.000000 0.000000
trans_ele 288 28 7700 25 0 406 0.45 0.45 1 -134.293 1.65 3 204 0 0 1 2 0 0 0 0 0 0 0 0 1 1 0 0 0 0 0 1 0 0 0 0 0 0 0 0 0 0 0 0 0 0 0 0 0 0 0
trans_ele 289 1 5.52 46 1.6 0 1 2 0.000000 0.000000
trans_ele 290 28 10 30 0 464 -1.8 0 1 0 1.6 2 234 0 0 1 2 0 0 0 0 0 0 0 0 1 1 0 0 0 0 1 0 0 0 0 0 0 0 0 0 0 0 0 0 0 0 0 0 0 0 0
trans_ele 291 1 8.06 63 1.6 0 1 2 0.000000 0.000000
trans_ele 292 28 7700 25 0 388 0.68 0.68 1 -113.109 1.65 3 194 0 0 1 2 0 0 0 0 0 0 0 0 1 1 0 0 0 0 0 1 0 0 0 0 0 0 0 0 0 0 0 0 0 0 0 0 0 0 0
trans_ele 293 1 5.52 44 1.6 0 1 2 0.000000 0.000000
trans_ele 294 28 10 30 0 430 -1.96 0 1 0 1.6 2 216 0 0 1 2 0 0 0 0 0 0 0 0 1 1 0 0 0 0 1 0 0 0 0 0 0 0 0 0 0 0 0 0 0 0 0 0 0 0 0
trans_ele 295 1 8.06 59 1.6 0 1 2 0.000000 0.000000
trans_ele 296 28 7700 25 0 360 0.85 0.85 1 -83.7477 1.65 3 180 0 0 1 2 0 0 0 0 0 0 0 0 1 1 0 0 0 0 0 1 0 0 0 0 0 0 0 0 0 0 0 0 0 0 0 0 0 0 0
trans_ele 297 1 5.52 40 1.6 0 1 2 0.000000 0.000000
trans_ele 298 28 10 30 0 392 -2.1 0 1 0 1.6 2 198 0 0 1 2 0 0 0 0 0 0 0 0 1 1 0 0 0 0 1 0 0 0 0 0 0 0 0 0 0 0 0 0 0 0 0 0 0 0 0
trans_ele 299 1 8.06 53 1.6 0 1 2 0.000000 0.000000
trans_ele 300 28 7700 25 0 328 1.4 1.4 1 -44.4418 1.65 3 164 0 0 1 2 0 0 0 0 0 0 0 0 1 1 0 0 0 0 0 1 0 0 0 0 0 0 0 0 0 0 0 0 0 0 0 0 0 0 0
trans_ele 301 1 5.52 37 1.6 0 1 2 0.000000 0.000000
trans_ele 302 28 10 30 0 338 2.25 0 1 0 1.6 2 170 0 0 1 2 0 0 0 0 0 0 0 0 1 1 0 0 0 0 1 0 0 0 0 0 0 0 0 0 0 0 0 0 0 0 0 0 0 0 0
trans_ele 303 1 8.06 46 1.6 0 1 2 0.000000 0.000000
trans_ele 304 28 7700 25 0 282 2 2 1 5.08631 1.65 3 142 0 0 1 2 0 0 0 0 0 0 0 0 1 1 0 0 0 0 0 1 0 0 0 0 0 0 0 0 0 0 0 0 0 0 0 0 0 0 0
trans_ele 305 1 5.52 32 1.6 0 1 2 0.000000 0.000000
trans_ele 306 28 10 30 0 286 -2.1 0 1 0 1.6 2 144 0 0 1 2 0 0 0 0 0 0 0 0 1 1 0 0 0 0 1 0 0 0 0 0 0 0 0 0 0 0 0 0 0 0 0 0 0 0 0
trans_ele 307 1 8.06 39 1.6 0 1 2 0.000000 0.000000
trans_ele 308 28 7700 25 0 238 1.9 1.9 1 44.9941 1.65 3 120 0 0 1 2 0 0 0 0 0 0 0 0 1 1 0 0 0 0 0 1 0 0 0 0 0 0 0 0 0 0 0 0 0 0 0 0 0 0 0
trans_ele 309 1 5.52 27 1.6 0 1 2 0.000000 0.000000
trans_ele 310 28 10 30 0 252 -1.93 0 1 0 1.6 2 128 0 0 1 2 0 0 0 0 0 0 0 0 1 1 0 0 0 0 1 0 0 0 0 0 0 0 0 0 0 0 0 0 0 0 0 0 0 0 0
trans_ele 311 1 8.06 35 1.6 0 1 2 0.000000 0.000000
trans_ele 312 28 7700 25 0 210 2 2 1 69.1677 1.65 3 106 0 0 1 2 0 0 0 0 0 0 0 0 1 1 0 0 0 0 0 1 0 0 0 0 0 0 0 0 0 0 0 0 0 0 0 0 0 0 0
trans_ele 313 1 5.52 24 1.6 0 1 2 0.000000 0.000000
trans_ele 314 28 10 30 0 228 -2.75 0 1 0 1.6 2 116 0 0 1 2 0 0 0 0 0 0 0 0 1 1 0 0 0 0 1 0 0 0 0 0 0 0 0 0 0 0 0 0 0 0 0 0 0 0 0
trans_ele 315 1 8.06 31 1.6 0 1 2 0.000000 0.000000
trans_ele 316 28 7700 25 0 190 2 2 1 76.9496 1.65 3 96 0 0 1 2 0 0 0 0 0 0 0 0 1 1 0 0 0 0 0 1 0 0 0 0 0 0 0 0 0 0 0 0 0 0 0 0 0 0 0
trans_ele 317 1 5.52 22 1.6 0 1 2 0.000000 0.000000
trans_ele 318 1 16.9812 60 1.6 0 1 2 0.000000 0.000000
trans_ele 319 1 9.5656 34 1.6 0 1 2 0.000000 0.000000
trans_ele 320 1 4.5 17 1.2 0 1 2 0.000000 0.000000
trans_ele 321 1 4.5 17 1.2 0 1 2 0.000000 0.000000
trans_ele 322 1 8.5 31 2 0 1 2 0.000000 0.000000
trans_ele 323 1 7.5 27 2 0 1 2 0.000000 0.000000
trans_ele 324 1 20 71 1.2 0 1 2 0.000000 0.000000
trans_ele 325 1 3.5 13 1.2 0 1 2 0.000000 0.000000
trans_ele 326 1 11.65 42 1.5 0 1 2 0.000000 0.000000
trans_ele 327 1 1e-11 1 1.5 0 1 2 0.000000 0.000000
trans_ele 328 1 1e-11 1 1.5 0 1 2 0.000000 0.000000
trans_ele 329 1 1.5 6 1.45 0 1 2 0.000000 0.000000
trans_ele 330 1 6 22 1.45 0 1 3 0.000000 0.000000
begin
